x= 290.0
generationNumber= 1
bestScore= 1172449
radius= 12.0
maxPipeX= 1060.0
floorY= 540.0
mutationChance= 0.1
max_bias= 10.0
min_bias= -10.0
max_weight= 10.0
min_weight= -10.0
NeuralNetwork{
Number_of_neurons: [5,16,16,1]
layers:
[layer0: Layer{weights=[[3.5048841943693922, 2.130471906164013, 9.305191799034041, 8.053291025149637, -0.7373980443441237],[9.002617065194848, 3.8812713285030505, 6.924405337897895, -2.6991400339452447, 8.947282929185711],[5.280648506517792, -3.4122231117767505, 4.048833496581652, 5.945293551670625, 0.7420152166883867],[-7.415772167882777, 4.145836128923541, -7.137300420011796, -2.311260348226069, 8.04945418448526],[8.86517166155517, 0.03520192822748669, 4.9679274265771305, 1.1946696700138038, 1.7244363100193567],[-5.869846628718749, 3.830705257460181, 5.193325693835453, 5.78994893790477, -9.109740377344902],[-6.350532542185241, -1.61164290909859, 0.14460863374129218, 3.038890705540073, 3.324836771076555],[-2.4065321250166853, -3.638348931455737, 2.9276944499377926, -9.082868263013811, 9.703918605340455],[0.038383925559006826, -1.5670292121346456, -8.755838264441584, -6.429458532576035, 8.804990872575697],[0.15807152001993963, -5.980796724185082, -8.545987940618547, 1.699009748882851, -1.8251519300547177],[3.560037456019307, 7.364661165792143, -1.4757307413379692, 7.33796197814716, 5.1819693825288144],[-1.7935787177514424, 8.800360301319007, 1.631658987594239, 3.0947723168444448, 2.8817533119095096],[7.186061406648378, -4.08942062867591, -0.04446628256147278, 4.377705513083965, 2.5023340287006572],[9.262337597220263, -0.8135871506490293, 0.3415237698121736, -0.4452855515460783, -8.645908043201388],[7.748352336535643, 8.767517103770583, -8.65639845763994, 9.383686579218416, -0.7311906072370693],[-2.844837306100507, 2.5751626841299604, 7.391004319301363, 5.253614500726906, -4.138276963088037]];biases=[-1.8722351035471263, 7.193529256723501, -4.429909746921512, -0.6390888132882573, 1.1561793039344366, 9.844609433907028, 8.470591487012356, -7.267552008838985, -8.49688118070735, -3.870934627571094, -4.86733013143567, 4.945611341071263, -9.892807397523914, 7.5127614835292285, -5.975916135021533, 5.363167787454003];activationFunc=ReLu}
layer1: Layer{weights=[[5.740897897605084, -3.361441790943987, 6.357916267094794, 5.380372262686867, 6.681794447463719, 4.761823039850091, 5.485089729856034, 3.2269725874690547, 1.8145504001499226, -7.555523160737739, 0.2785993007571559, -3.301531051403823, -6.818940100594673, -0.6226720504864307, -0.9844062928085897, 5.946135383388233],[-4.859611422889496, -0.6237835287877687, 9.762249562300617, -9.456557472347768, 4.069808576013214, 7.39829362454714, -1.2978330310074622, 4.109650857496241, 6.93274055283036, 9.671727645885696, -5.15145276632385, 7.816655446754048, -2.9410705111194835, -2.4867056588992797, -1.7031869215220965, 5.337010430319493],[1.126729600028657, -2.922236968959293, 7.423873304442267, -2.6509671343690178, -7.39310526922119, 2.596431066955528, 8.376003165355051, -2.182939782440485, -6.178195428030593, -7.927889503287164, -6.563858632797479, -2.569222584852861, -8.706410447404938, 0.9613176175303728, 1.2609016048327284, 5.182891385572015],[7.199148323797459, 3.543864182932033, -4.146961893486971, -9.978485877795624, -3.8094792444079246, 4.911210763222634, 8.752712696737206, 4.053719528094501, 4.86608834655112, 5.751930538139137, 5.848062866793866, -7.1276021339883595, -1.4133990833650358, -0.8365954651536853, -7.373618268537334, 8.513134971252576],[-9.419367578249156, -3.6053435148582818, 0.4486237378008546, -5.412835200630985, 4.39380278081469, -3.2739787326124077, 6.796537958580224, 4.430849373823747, -2.6907421585894493, -4.38289166602779, 9.755928892130605, 9.850425836569961, 6.858638682245651, 4.805317393666025, -4.971730117216866, 5.404032801571162],[-1.4289222535708497, -1.7870639359616654, 2.0954322555693654, -8.848683822429964, -2.577409114898133, -1.6783671971683845, -4.005827512504649, 5.414193624069226, -0.9784917891743898, 3.5919567750494696, -9.854671945351754, -1.6693648218446597, -5.81221392887322, 3.612107884761965, -8.985304631515644, 6.8466069623856605],[6.228563946111844, -2.8595291619901246, 4.575810419623473, -7.7204057389507375, 1.4818700916012766, -0.10170814011676654, -4.762793992070713, 1.297064812860011, -9.405096577953822, 6.324672054273371, 0.7176184596673796, 3.020701021817283, -9.47714702033462, -8.903227673067919, -7.043096728324563, -3.18246696336754],[5.378753513235866, -3.072560613681392, 5.1421427562641, -3.8178778637935196, 8.434948176980399, 5.550941730566866, 2.7826966173791075, -9.041534184026546, 3.7668355109126495, 4.049014760967848, -7.911133243519462, -3.856016399522564, -7.735356232535258, 6.262036194774868, 3.3511880334248687, 0.567253744463379],[-5.047583500126233, 9.308285791551864, 1.210612629790699, 8.941353726464804, 0.8617948218785649, -0.8024344467723061, -4.7081333171104305, 1.9551920194154135, 6.171614645434943, 7.8222353069084996, 4.00438917940704, 9.452386182657754, 0.05942057823354929, -7.744740557292797, 0.1466552095860898, 3.0268264132080596],[2.6510798571903607, 4.987973277213648, 4.908895834776132, -2.5999918771837427, 9.624774607338185, 2.4606579765088554, 1.9469240879605252, 5.884075336843001, 6.945845225596386, -9.766555956447142, 1.662215696108877, -6.105593986169784, 3.0231456675952924, -6.023530371229347, 2.151102394051282, -4.371129242497522],[7.940800653819828, 8.798608301821837, -6.275687392801852, 7.859688905892057, 7.251401542465871, -5.498180964818293, 3.6460083828296277, -4.102910512463687, 1.5079278097947206, -2.6095464784920797, 1.4908394644507066, -1.477741524730865, -8.206149149179318, 2.6395185168895203, 4.515028696164931, 1.0503416878528142],[-3.6259325054999936, 2.7986648389358777, -3.3291912514412525, -1.327451935493304, 1.1535426950996523, 3.809473963119407, 7.276263179234835, -4.160312310626444, -6.911653254475705, 6.339381899922479, -7.9964516555669825, 1.6877468113146055, -9.587869952830449, -2.7136341171290574, -5.706229760900241, 6.369401833318982],[-4.760175970512204, 3.9843086443962417, 7.559538667529459, -1.3563650942732526, 8.271422846276195, 1.9397176023093436, 5.065030170296707, -8.811088655682518, -5.1511766849575125, 5.856277689602006, 4.107037546344275, -3.1563454004884584, -2.9702425459603354, -6.745515287305843, -3.9122438342345927, 6.3410311722790915],[0.5416173859763092, 6.30502903931977, -5.239796664582956, -3.906654757403367, 3.946301735366262, 9.210284152962451, 9.00917326918243, 3.1946262442935485, 4.279382301297218, -8.308125804189931, 6.237686171816392, 4.048261159033352, 3.446430307841105, 7.597394200588269, -0.1885160965111794, 2.889821317435766],[5.303874054711134, -5.045884420827457, 8.566476265142104, -3.036497425585054, -5.378718073093891, 2.347643009777485, -9.617477415249699, -3.7761168317840488, 6.016504786177432, 6.269462186862182, -0.7989672447542073, -2.8270160792961825, 3.474638168747248, -8.541682284322132, 6.237082629484611, 2.8059029091496157],[-0.7937010895309964, 7.677622747035645, 4.760820062015442, 5.529039632757071, 4.3702379113932075, -5.912783636976508, -5.678553868209846, 8.308402423126669, 3.5798489158982587, 9.705496432751623, 8.589379918167769, -3.1868538805106317, 0.1326556000784489, -0.6030359019312073, 3.3748342692027684, 3.643989576810956]];biases=[9.54639930354983, 9.989254103533835, -2.6619409941521006, 4.397934352204713, 5.254872251499165, -5.273273835967293, -0.51145206524488, -5.104814541308591, 2.2111830395414387, -5.934296207854636, 4.777521431061656, -1.0981348098981272, 1.6656586893532506, 5.669435413617855, -8.079954386546381, -2.174447077623876];activationFunc=ReLu}
layer2: Layer{weights=[[-6.469865926729586, -2.6032703292134185, -3.9598318080858963, 3.7514491157598844, 1.509897432595352, 5.632663153534878, -7.185513286467988, -4.199751660353989, 5.193534163092224, 5.118367162970664, 0.49659272566803203, 8.924253873955575, -3.605028777539962, -2.5387413658108304, 1.5368758822475375, 4.9441200324065075]];biases=[-8.10931057938907];activationFunc=Sigmoid}
]
}
NeuralNetwork{
Number_of_neurons: [5,16,16,1]
layers:
[layer0: Layer{weights=[[3.5048841943693922, 2.130471906164013, 9.305191799034041, 8.053291025149637, -0.7373980443441237],[9.002617065194848, -4.7047552521821405, 7.177112211758253, -2.6991400339452447, 3.294283104313502],[5.280648506517792, -3.4122231117767505, 4.048833496581652, 5.945293551670625, 0.7420152166883867],[-7.415772167882777, 4.145836128923541, -7.137300420011796, -2.311260348226069, 8.04945418448526],[3.9065480722698194, 0.03520192822748669, 4.9679274265771305, 1.1946696700138038, 1.7244363100193567],[-5.869846628718749, 3.830705257460181, 6.462176908273506, 5.78994893790477, -9.109740377344902],[-6.350532542185241, -1.61164290909859, 0.14460863374129218, -5.882293368325611, 3.324836771076555],[-2.4065321250166853, -3.638348931455737, 2.9276944499377926, -9.082868263013811, 9.703918605340455],[0.038383925559006826, -1.5670292121346456, -8.755838264441584, -6.429458532576035, 8.998697169496406],[0.15807152001993963, -5.980796724185082, -8.545987940618547, 1.699009748882851, -1.8251519300547177],[3.560037456019307, 7.364661165792143, 7.95478433490749, 7.88683442592831, 5.1819693825288144],[-1.7935787177514424, 2.2075868827846197, 1.631658987594239, 3.0947723168444448, 2.8817533119095096],[7.186061406648378, 0.059375612685075296, -0.04446628256147278, -5.572527139409342, 2.5023340287006572],[9.262337597220263, -0.8135871506490293, 0.3415237698121736, -0.4452855515460783, -8.645908043201388],[-6.852667729180522, 8.767517103770583, -8.65639845763994, 9.383686579218416, -0.7311906072370693],[-2.844837306100507, 2.5751626841299604, 7.388748199074556, 5.253614500726906, -4.138276963088037]];biases=[-1.8722351035471263, 7.193529256723501, -4.429909746921512, -0.6390888132882573, -1.4369564236297983, 9.844609433907028, 8.470591487012356, -7.267552008838985, -8.49688118070735, -3.870934627571094, -4.86733013143567, 4.945611341071263, -9.892807397523914, 7.5127614835292285, -5.975916135021533, 6.181556702465748];activationFunc=ReLu}
layer1: Layer{weights=[[5.740897897605084, -3.361441790943987, 6.357916267094794, 5.380372262686867, 6.681794447463719, 4.761823039850091, 5.485089729856034, 5.307361953959424, 1.8145504001499226, -7.17956300541301, 0.2785993007571559, -3.301531051403823, -6.818940100594673, -0.6226720504864307, 5.395817053944981, 5.946135383388233],[-4.859611422889496, -0.6237835287877687, 9.762249562300617, -3.5563956176285245, 4.069808576013214, 7.39829362454714, -1.2978330310074622, -9.138901853263368, -2.296206400619414, 6.850525294959919, -5.15145276632385, 7.816655446754048, -2.9410705111194835, -2.4867056588992797, -1.7031869215220965, 5.337010430319493],[1.126729600028657, -2.922236968959293, 0.7180405918648329, -2.6509671343690178, -7.39310526922119, 2.596431066955528, -3.7997298265022668, -7.36405782123766, -6.178195428030593, -7.927889503287164, -6.563858632797479, 1.6307433906201663, -8.706410447404938, 0.9613176175303728, 6.313202880777112, 5.182891385572015],[7.199148323797459, 3.543864182932033, -4.146961893486971, -9.978485877795624, 3.51958018494415, 4.911210763222634, 8.752712696737206, 4.053719528094501, 4.86608834655112, 5.751930538139137, 6.566795009762664, -7.1276021339883595, -9.01605409960614, -0.8365954651536853, -7.373618268537334, 8.513134971252576],[-9.419367578249156, -3.6053435148582818, 0.4486237378008546, -5.412835200630985, 4.39380278081469, -3.2739787326124077, 6.796537958580224, 4.430849373823747, -2.6907421585894493, -4.38289166602779, 9.755928892130605, 9.850425836569961, 6.858638682245651, 7.657423017982662, -4.971730117216866, 5.404032801571162],[-1.4289222535708497, -1.7870639359616654, 2.0954322555693654, 0.833443092233928, -2.577409114898133, -1.6783671971683845, -6.877200010075761, 5.414193624069226, -0.9784917891743898, -0.9010593481220255, -9.854671945351754, -1.6693648218446597, -5.81221392887322, 3.612107884761965, -8.985304631515644, 6.8466069623856605],[-1.0232249698898634, -2.8595291619901246, 6.339600489431586, -7.7204057389507375, 1.4818700916012766, -0.10170814011676654, -4.762793992070713, -7.299584172689224, -9.405096577953822, 7.405776098900617, 0.7176184596673796, 4.118304346470193, -9.47714702033462, -8.903227673067919, -7.043096728324563, -3.18246696336754],[5.621052949976864, -3.072560613681392, 1.1578736288469589, -3.8178778637935196, 8.034392647951293, 5.550941730566866, 2.7826966173791075, -9.041534184026546, 3.7668355109126495, 4.049014760967848, -7.911133243519462, -3.856016399522564, -7.735356232535258, 6.262036194774868, 3.3511880334248687, -7.446811063484762],[-5.047583500126233, 6.434995419823132, 1.210612629790699, -9.39915048492367, 0.8617948218785649, -0.8024344467723061, -4.7081333171104305, 1.9551920194154135, 6.171614645434943, 7.8222353069084996, -8.120688009574193, 9.452386182657754, 0.05942057823354929, -7.744740557292797, -7.620534108616752, 3.0268264132080596],[2.6510798571903607, -1.4090458717226433, 4.908895834776132, -2.5999918771837427, 9.624774607338185, 2.4606579765088554, 1.9469240879605252, 5.884075336843001, 2.420177927391318, -9.766555956447142, 1.662215696108877, -6.105593986169784, 3.0231456675952924, -6.023530371229347, 2.151102394051282, -4.371129242497522],[7.940800653819828, 8.798608301821837, -6.254875419924842, 7.859688905892057, 7.251401542465871, -5.498180964818293, 3.6460083828296277, -4.102910512463687, 1.5079278097947206, -2.6095464784920797, 1.4908394644507066, -1.477741524730865, -8.206149149179318, 2.6395185168895203, 4.515028696164931, 1.0503416878528142],[-3.6259325054999936, 2.7986648389358777, 4.4377155657110645, -1.327451935493304, 1.1535426950996523, 3.809473963119407, 7.276263179234835, -4.160312310626444, 0.5506952128434239, 6.339381899922479, -7.9964516555669825, 1.6877468113146055, -9.587869952830449, -2.7136341171290574, -5.706229760900241, 6.369401833318982],[-4.760175970512204, 3.9843086443962417, 7.559538667529459, -8.324721860551193, 8.271422846276195, 1.9397176023093436, 5.065030170296707, -8.811088655682518, -5.1511766849575125, 5.856277689602006, 4.107037546344275, -3.1563454004884584, -2.9702425459603354, -6.745515287305843, -3.9122438342345927, 6.3410311722790915],[0.5416173859763092, -9.830608317931812, -5.239796664582956, -3.906654757403367, 3.946301735366262, 9.210284152962451, 9.00917326918243, 3.1946262442935485, 4.279382301297218, -8.308125804189931, 6.237686171816392, 4.048261159033352, 3.446430307841105, 2.100217807042398, -2.2391045659489546, 2.889821317435766],[5.303874054711134, 9.80974643747085, 8.566476265142104, 3.4388190092406887, -5.378718073093891, 2.347643009777485, -9.617477415249699, -3.7761168317840488, 6.016504786177432, 6.269462186862182, -0.7989672447542073, -2.8270160792961825, 3.474638168747248, -8.541682284322132, 6.237082629484611, 2.8059029091496157],[-0.7937010895309964, 7.677622747035645, 4.760820062015442, 3.6265612367199207, 4.3702379113932075, -5.912783636976508, -5.678553868209846, 8.308402423126669, 3.5798489158982587, -7.164106843524134, 8.589379918167769, -3.1868538805106317, 0.1326556000784489, -0.6030359019312073, 3.3748342692027684, 3.643989576810956]];biases=[9.54639930354983, 9.989254103533835, -2.6619409941521006, 4.397934352204713, -5.974716949912593, -5.273273835967293, -0.51145206524488, -5.104814541308591, 2.2111830395414387, -5.934296207854636, 4.777521431061656, -1.0981348098981272, 1.6656586893532506, 5.669435413617855, -8.079954386546381, -2.174447077623876];activationFunc=ReLu}
layer2: Layer{weights=[[-6.469865926729586, -1.0144562480816344, -3.9598318080858963, 3.7514491157598844, 1.509897432595352, 5.632663153534878, -7.185513286467988, -4.199751660353989, 0.5791010392253817, 5.118367162970664, 0.49659272566803203, 9.027073637629211, -1.9212969439258067, -2.5387413658108304, 1.5368758822475375, 4.9441200324065075]];biases=[-8.10931057938907];activationFunc=Sigmoid}
]
}
NeuralNetwork{
Number_of_neurons: [5,16,16,1]
layers:
[layer0: Layer{weights=[[3.5048841943693922, 2.130471906164013, -1.3483277033452836, 8.053291025149637, 7.6207190860020475],[9.002617065194848, 3.8812713285030505, 0.5957558256603672, -2.6991400339452447, 8.947282929185711],[5.280648506517792, -3.4122231117767505, 4.048833496581652, 5.945293551670625, -1.8668033145013077],[-7.415772167882777, 4.145836128923541, -7.137300420011796, -2.311260348226069, 8.04945418448526],[3.9065480722698194, 0.03520192822748669, 4.9679274265771305, 1.1946696700138038, 1.7244363100193567],[-5.869846628718749, 3.830705257460181, 5.193325693835453, 5.78994893790477, -9.109740377344902],[-6.350532542185241, -1.61164290909859, 0.14460863374129218, 3.038890705540073, 3.324836771076555],[-2.4065321250166853, -3.638348931455737, 2.9276944499377926, -9.082868263013811, 9.703918605340455],[0.038383925559006826, -1.5670292121346456, -8.755838264441584, -6.429458532576035, 8.804990872575697],[0.15807152001993963, 0.9200658259568932, -8.545987940618547, 1.699009748882851, -1.8251519300547177],[3.560037456019307, 7.364661165792143, -1.4757307413379692, 7.33796197814716, 5.1819693825288144],[-1.7935787177514424, 2.2075868827846197, 1.631658987594239, 3.0947723168444448, 2.8817533119095096],[7.186061406648378, 0.059375612685075296, -0.04446628256147278, 4.377705513083965, 2.5023340287006572],[9.262337597220263, -0.8135871506490293, 0.3415237698121736, -0.4452855515460783, -8.645908043201388],[7.748352336535643, 8.767517103770583, -8.65639845763994, -9.563225009161034, -0.7311906072370693],[-2.844837306100507, 2.5751626841299604, 7.391004319301363, 5.253614500726906, -4.138276963088037]];biases=[-1.8722351035471263, 7.193529256723501, -4.429909746921512, -0.6390888132882573, 1.1561793039344366, 9.844609433907028, 8.470591487012356, -7.267552008838985, -8.49688118070735, -6.351316784130489, -4.86733013143567, 4.945611341071263, -9.892807397523914, -8.836512446721308, -5.975916135021533, 5.363167787454003];activationFunc=ReLu}
layer1: Layer{weights=[[-5.568714314894843, -3.361441790943987, 8.863947428764497, 5.380372262686867, 6.681794447463719, 4.761823039850091, 5.485089729856034, 3.2269725874690547, 1.8145504001499226, -2.2211911872908496, 0.2785993007571559, -3.301531051403823, -6.818940100594673, -0.6226720504864307, 5.395817053944981, 5.946135383388233],[-4.859611422889496, -0.6237835287877687, 9.762249562300617, -3.5563956176285245, 4.069808576013214, 7.39829362454714, -1.2978330310074622, -9.138901853263368, 1.5594494058540178, 9.835635234666931, -5.15145276632385, 7.816655446754048, -2.9410705111194835, -2.4867056588992797, -1.7031869215220965, 5.337010430319493],[1.126729600028657, -2.796214521851801, 7.423873304442267, -2.6509671343690178, -7.39310526922119, 2.596431066955528, 8.376003165355051, -7.36405782123766, -6.178195428030593, -7.927889503287164, -6.563858632797479, -2.569222584852861, -8.706410447404938, 0.9613176175303728, 6.313202880777112, 5.182891385572015],[7.199148323797459, 3.543864182932033, -4.146961893486971, -9.978485877795624, 3.51958018494415, 4.911210763222634, 8.752712696737206, 4.053719528094501, 4.86608834655112, 5.751930538139137, 6.566795009762664, -7.1276021339883595, -9.01605409960614, -0.8365954651536853, 4.700922732519196, 7.748459483782902],[-9.419367578249156, -3.6053435148582818, 0.4486237378008546, -5.412835200630985, 4.39380278081469, -3.2739787326124077, 9.44147156776095, -9.251183430697694, -2.6907421585894493, -4.38289166602779, 9.755928892130605, 9.850425836569961, 6.858638682245651, 4.805317393666025, -4.971730117216866, 5.404032801571162],[-1.4289222535708497, 6.613641697366898, 2.0954322555693654, -8.848683822429964, -2.577409114898133, -1.6783671971683845, 3.695907618767439, 5.414193624069226, -0.9784917891743898, 9.562339640101179, -9.854671945351754, -1.6693648218446597, -5.81221392887322, 3.612107884761965, -8.985304631515644, 6.8466069623856605],[6.228563946111844, -2.8595291619901246, 6.339600489431586, -7.7204057389507375, 6.959160673594656, -0.10170814011676654, -4.762793992070713, -7.299584172689224, -9.405096577953822, 7.405776098900617, 0.7176184596673796, 4.118304346470193, -9.47714702033462, 1.7652528447312932, -7.043096728324563, -3.18246696336754],[5.378753513235866, -3.072560613681392, 5.1421427562641, -3.8178778637935196, 8.034392647951293, 3.940394370046384, 2.7826966173791075, -9.041534184026546, 3.7668355109126495, 4.049014760967848, -7.911133243519462, -3.856016399522564, -7.735356232535258, 6.262036194774868, 3.3511880334248687, -7.446811063484762],[-5.047583500126233, 6.434995419823132, 1.210612629790699, -9.39915048492367, 0.8617948218785649, -0.8024344467723061, -5.78378812705618, 1.9551920194154135, 6.171614645434943, 7.8222353069084996, -8.120688009574193, 9.452386182657754, 0.05942057823354929, -7.744740557292797, -3.4490074851050263, 3.0268264132080596],[2.6510798571903607, -1.4090458717226433, 4.908895834776132, -2.5999918771837427, 9.624774607338185, 2.4606579765088554, 1.9469240879605252, 5.884075336843001, 2.420177927391318, -9.766555956447142, 1.662215696108877, -6.105593986169784, 3.0231456675952924, -6.023530371229347, 2.151102394051282, -4.371129242497522],[3.3718807713545456, 8.798608301821837, -6.254875419924842, 7.859688905892057, 7.251401542465871, -5.498180964818293, 3.6460083828296277, -4.102910512463687, 1.5079278097947206, -2.6095464784920797, 6.114735147248162, -1.477741524730865, -8.206149149179318, 2.6395185168895203, 4.515028696164931, 1.0503416878528142],[-4.727854162122885, 2.7986648389358777, 4.4377155657110645, -1.327451935493304, 1.1535426950996523, 3.809473963119407, 7.276263179234835, -4.160312310626444, 0.5506952128434239, 6.339381899922479, -7.9964516555669825, 1.6877468113146055, -9.587869952830449, 1.7256266046579665, -5.706229760900241, 6.369401833318982],[-4.760175970512204, 3.9843086443962417, 7.559538667529459, -1.3563650942732526, 8.271422846276195, 1.9397176023093436, 5.065030170296707, -8.811088655682518, -5.1511766849575125, 5.856277689602006, 4.107037546344275, -3.1563454004884584, 7.344947920385199, -6.745515287305843, -3.9122438342345927, 6.3410311722790915],[0.5416173859763092, -9.830608317931812, -5.239796664582956, 9.669422449523154, 3.946301735366262, 9.210284152962451, 9.00917326918243, 3.1946262442935485, 4.279382301297218, -8.308125804189931, 6.237686171816392, 4.048261159033352, 3.446430307841105, -7.544877720462823, -2.2391045659489546, 2.889821317435766],[5.303874054711134, 9.80974643747085, 8.566476265142104, -3.036497425585054, -5.378718073093891, 2.347643009777485, -9.617477415249699, -3.7761168317840488, 6.016504786177432, 6.269462186862182, -0.7989672447542073, -2.8270160792961825, 3.474638168747248, -8.541682284322132, 6.237082629484611, 2.8059029091496157],[-0.7937010895309964, 7.677622747035645, 4.760820062015442, 3.6265612367199207, 4.3702379113932075, -5.912783636976508, -0.23475686580752253, 8.308402423126669, 3.5798489158982587, -6.564430557396332, -4.138145901670773, -3.1868538805106317, 8.617723766000289, -0.6030359019312073, 3.3748342692027684, 3.643989576810956]];biases=[-3.8528341842017415, 9.989254103533835, -2.6619409941521006, 4.397934352204713, 5.254872251499165, -5.273273835967293, -0.51145206524488, -6.388302125472707, 2.2111830395414387, -5.934296207854636, 4.777521431061656, -1.0981348098981272, 1.6656586893532506, 5.669435413617855, -8.079954386546381, -2.174447077623876];activationFunc=ReLu}
layer2: Layer{weights=[[-6.469865926729586, 5.144189741424851, -3.9598318080858963, 3.7514491157598844, 1.509897432595352, 5.632663153534878, -7.185513286467988, -4.199751660353989, 0.5791010392253817, 5.118367162970664, -7.695659284480685, 9.027073637629211, -3.605028777539962, -7.485258771153878, 1.5368758822475375, 4.9441200324065075]];biases=[-8.10931057938907];activationFunc=Sigmoid}
]
}
NeuralNetwork{
Number_of_neurons: [5,16,16,1]
layers:
[layer0: Layer{weights=[[3.5048841943693922, 2.130471906164013, 9.305191799034041, 8.053291025149637, -0.7373980443441237],[9.002617065194848, 3.8812713285030505, 0.5957558256603672, -2.6991400339452447, 8.947282929185711],[5.280648506517792, -3.4122231117767505, 4.048833496581652, 5.945293551670625, 0.7420152166883867],[-7.415772167882777, 4.145836128923541, -7.137300420011796, -2.311260348226069, 8.04945418448526],[3.9065480722698194, 0.03520192822748669, 4.9679274265771305, 1.1946696700138038, 1.7244363100193567],[2.567337322399334, 3.830705257460181, 5.193325693835453, 5.78994893790477, -9.109740377344902],[-6.350532542185241, -1.61164290909859, 0.14460863374129218, 3.038890705540073, 6.64354550883418],[-2.4065321250166853, -3.638348931455737, 2.9276944499377926, -9.082868263013811, 9.703918605340455],[0.038383925559006826, -1.5670292121346456, -8.755838264441584, -6.429458532576035, 8.804990872575697],[0.15807152001993963, -5.980796724185082, -8.545987940618547, 1.699009748882851, -1.8251519300547177],[3.560037456019307, 7.364661165792143, -0.3467150858987402, 7.33796197814716, 3.362594788443708],[-1.7935787177514424, 2.2075868827846197, 1.631658987594239, 3.0947723168444448, 2.8817533119095096],[7.186061406648378, -2.188829688531646, -0.04446628256147278, 4.377705513083965, 2.5023340287006572],[9.262337597220263, -0.8135871506490293, 0.3415237698121736, -0.4452855515460783, -8.645908043201388],[7.748352336535643, 8.767517103770583, -8.65639845763994, 9.383686579218416, -0.7311906072370693],[-2.844837306100507, 2.5751626841299604, 7.391004319301363, 5.253614500726906, -4.138276963088037]];biases=[-1.8722351035471263, 7.193529256723501, -4.429909746921512, -0.6390888132882573, 1.1561793039344366, 9.844609433907028, 8.470591487012356, -7.267552008838985, -8.49688118070735, -3.870934627571094, -4.86733013143567, 4.945611341071263, -9.892807397523914, 7.5127614835292285, -5.975916135021533, 5.363167787454003];activationFunc=ReLu}
layer1: Layer{weights=[[5.740897897605084, -3.361441790943987, 6.357916267094794, 5.380372262686867, 6.681794447463719, 4.761823039850091, 5.485089729856034, 3.2269725874690547, 1.8145504001499226, -7.555523160737739, 0.2785993007571559, -3.301531051403823, -6.818940100594673, -2.6125519414112315, -2.969691375751811, 5.946135383388233],[-4.859611422889496, -0.6237835287877687, 9.762249562300617, 9.678543320447151, 4.069808576013214, 7.39829362454714, -1.2978330310074622, -9.138901853263368, 6.93274055283036, 0.7250324553063976, -0.09090787216943141, 7.816655446754048, -4.7532484712922045, -2.4867056588992797, -1.7031869215220965, 5.337010430319493],[1.126729600028657, -2.6106484414031623, 7.423873304442267, -2.6509671343690178, -7.39310526922119, 2.596431066955528, 8.376003165355051, 1.7314312017367044, -6.178195428030593, -7.927889503287164, -6.563858632797479, 8.358277510820372, -8.706410447404938, 0.9613176175303728, -8.449299401576027, 5.182891385572015],[7.199148323797459, 3.543864182932033, -4.146961893486971, -9.978485877795624, 3.51958018494415, 4.911210763222634, 8.752712696737206, 4.053719528094501, 4.86608834655112, 5.751930538139137, 6.566795009762664, -7.1276021339883595, -9.01605409960614, -0.8365954651536853, -7.373618268537334, 8.513134971252576],[-9.419367578249156, -3.6053435148582818, 0.4486237378008546, -5.412835200630985, 4.39380278081469, -3.2739787326124077, 6.796537958580224, 4.430849373823747, -2.6907421585894493, -4.38289166602779, 9.755928892130605, 9.850425836569961, 6.858638682245651, 8.383550232673329, -4.971730117216866, 5.404032801571162],[-9.847675322375569, -1.7870639359616654, 5.245749976831052, -8.848683822429964, -2.577409114898133, -1.6783671971683845, -4.005827512504649, 5.414193624069226, -0.9784917891743898, -0.9010593481220255, 2.5672456722299746, -1.6693648218446597, -5.81221392887322, 3.612107884761965, 6.869824611811506, 6.8466069623856605],[6.228563946111844, -2.8595291619901246, 6.339600489431586, -7.7204057389507375, 1.4818700916012766, -0.10170814011676654, -4.762793992070713, -7.299584172689224, -9.405096577953822, 7.405776098900617, 0.7176184596673796, 4.118304346470193, 3.9969437659590774, -8.903227673067919, -7.043096728324563, -3.18246696336754],[5.378753513235866, -3.072560613681392, 5.1421427562641, -3.8178778637935196, 8.034392647951293, 5.550941730566866, 2.7826966173791075, -9.041534184026546, 3.7668355109126495, 4.049014760967848, -7.911133243519462, -3.856016399522564, -8.970912586068945, 6.262036194774868, 3.3511880334248687, -7.446811063484762],[-5.047583500126233, 6.434995419823132, 1.210612629790699, -9.39915048492367, 7.8961809955528715, -0.8024344467723061, -4.7081333171104305, 1.9551920194154135, 6.171614645434943, 7.123718864445291, -8.120688009574193, 9.452386182657754, 0.05942057823354929, -7.744740557292797, 0.1466552095860898, 3.0268264132080596],[2.6510798571903607, -0.7857370378046991, -5.589340573465533, -2.5999918771837427, 9.624774607338185, 2.4606579765088554, 1.9469240879605252, 5.884075336843001, 2.420177927391318, -9.766555956447142, 1.662215696108877, -6.105593986169784, 3.0231456675952924, -4.00624405085642, 2.151102394051282, -4.371129242497522],[7.940800653819828, 8.798608301821837, -6.254875419924842, 7.859688905892057, 7.251401542465871, -5.498180964818293, -8.85140849382779, -4.102910512463687, 1.5079278097947206, -2.6095464784920797, 1.4908394644507066, -1.477741524730865, -8.206149149179318, 2.6395185168895203, 4.515028696164931, 1.0503416878528142],[-3.6259325054999936, 2.7986648389358777, 4.4377155657110645, -1.327451935493304, 1.1535426950996523, 3.809473963119407, 7.276263179234835, -4.160312310626444, 0.5506952128434239, 6.339381899922479, -7.9964516555669825, 1.6877468113146055, -9.587869952830449, -2.7136341171290574, -5.706229760900241, 5.53101743630782],[-4.760175970512204, 3.9843086443962417, 7.559538667529459, -1.3563650942732526, 8.271422846276195, 1.9397176023093436, 5.065030170296707, -8.811088655682518, -5.1511766849575125, 5.856277689602006, 4.107037546344275, -3.1563454004884584, -4.159901889445132, -6.745515287305843, -3.9122438342345927, 6.3410311722790915],[0.5416173859763092, -9.830608317931812, -5.239796664582956, -3.906654757403367, 3.946301735366262, 9.210284152962451, 9.00917326918243, 3.1946262442935485, 4.279382301297218, -8.308125804189931, 6.237686171816392, 4.048261159033352, 3.446430307841105, -0.7260517242783511, -2.2391045659489546, 2.889821317435766],[5.303874054711134, 9.80974643747085, 8.566476265142104, -3.036497425585054, -5.378718073093891, 2.347643009777485, 5.248068523001063, -3.7761168317840488, 6.016504786177432, 6.269462186862182, -0.7989672447542073, -2.8270160792961825, 3.474638168747248, -8.541682284322132, 6.237082629484611, 2.8059029091496157],[-0.7937010895309964, 3.884320979978229, 4.760820062015442, 3.6265612367199207, 4.3702379113932075, -5.912783636976508, -5.678553868209846, 8.308402423126669, 3.5798489158982587, -7.164106843524134, 8.589379918167769, -3.1868538805106317, 0.1326556000784489, -0.6030359019312073, 9.379594052040503, 3.643989576810956]];biases=[9.54639930354983, 9.989254103533835, -2.6619409941521006, 4.397934352204713, 5.254872251499165, -5.273273835967293, -0.51145206524488, -5.104814541308591, 2.2111830395414387, -5.934296207854636, 4.777521431061656, -9.602032432696145, 1.6656586893532506, 5.669435413617855, -8.079954386546381, -2.174447077623876];activationFunc=ReLu}
layer2: Layer{weights=[[-6.469865926729586, -1.0144562480816344, -3.9598318080858963, 3.7514491157598844, 1.509897432595352, 5.632663153534878, -7.185513286467988, -4.199751660353989, -9.48289084466383, 5.118367162970664, 0.49659272566803203, 9.027073637629211, -3.605028777539962, -2.5387413658108304, 1.5368758822475375, 4.9441200324065075]];biases=[-8.10931057938907];activationFunc=Sigmoid}
]
}
NeuralNetwork{
Number_of_neurons: [5,16,16,1]
layers:
[layer0: Layer{weights=[[3.5048841943693922, 2.130471906164013, 9.305191799034041, -7.377586514752796, 4.794640781711232],[9.002617065194848, 3.8812713285030505, 0.5957558256603672, -2.6991400339452447, 8.947282929185711],[5.280648506517792, -3.4122231117767505, 4.048833496581652, 5.945293551670625, 0.7420152166883867],[1.6958325101660936, 4.145836128923541, -7.137300420011796, -2.311260348226069, 8.04945418448526],[3.9065480722698194, 0.03520192822748669, 4.9679274265771305, 1.1946696700138038, 1.7244363100193567],[-5.869846628718749, 3.830705257460181, 5.193325693835453, 5.78994893790477, 6.552874762717082],[-6.350532542185241, -1.61164290909859, 0.14460863374129218, 3.038890705540073, 3.324836771076555],[-2.4065321250166853, -3.638348931455737, 2.9276944499377926, -9.082868263013811, 9.703918605340455],[0.038383925559006826, -1.5670292121346456, -8.755838264441584, -6.429458532576035, 8.804990872575697],[0.15807152001993963, -0.2175478012256029, -8.545987940618547, -2.4681158778754764, -1.8251519300547177],[-0.3351078782095325, 7.364661165792143, -5.834153518216354, 7.33796197814716, 5.1819693825288144],[-1.7935787177514424, 2.2075868827846197, 1.631658987594239, 3.0947723168444448, 2.8817533119095096],[7.186061406648378, 0.059375612685075296, -0.04446628256147278, 4.377705513083965, 2.5023340287006572],[9.262337597220263, -0.8135871506490293, 0.3415237698121736, -0.4452855515460783, -8.645908043201388],[7.748352336535643, 8.767517103770583, -8.65639845763994, 9.383686579218416, -0.7311906072370693],[-2.844837306100507, 2.5751626841299604, 7.391004319301363, 5.253614500726906, -4.138276963088037]];biases=[-1.8722351035471263, 7.193529256723501, -7.126393200449826, -0.6390888132882573, -9.916658754361096, 9.538478527374608, 8.470591487012356, -7.267552008838985, -8.49688118070735, -3.870934627571094, -8.596847271030066, 4.945611341071263, -9.892807397523914, 7.5127614835292285, -9.88729063897357, 5.363167787454003];activationFunc=ReLu}
layer1: Layer{weights=[[5.740897897605084, -8.43909239956244, 6.357916267094794, -3.689521072095527, 6.681794447463719, 4.761823039850091, 5.485089729856034, 3.2269725874690547, 1.8145504001499226, -7.555523160737739, -2.8681568728767175, -3.301531051403823, -6.818940100594673, -0.6226720504864307, 5.395817053944981, 5.946135383388233],[-4.859611422889496, -0.6237835287877687, 9.762249562300617, -3.5563956176285245, 4.069808576013214, 7.39829362454714, -1.2978330310074622, -9.138901853263368, 6.93274055283036, 6.850525294959919, -5.15145276632385, 7.816655446754048, -8.188787217397348, -2.4867056588992797, -1.7031869215220965, 5.337010430319493],[1.126729600028657, -2.922236968959293, 7.423873304442267, -2.6509671343690178, -7.39310526922119, 2.596431066955528, 8.376003165355051, -7.36405782123766, 2.457025307289415, -7.927889503287164, -6.563858632797479, -0.9087425896154837, -8.706410447404938, 8.29384997487038, 6.313202880777112, 5.182891385572015],[7.199148323797459, 3.543864182932033, -4.146961893486971, -9.978485877795624, 3.51958018494415, 4.911210763222634, 8.752712696737206, 4.053719528094501, 4.86608834655112, 5.751930538139137, 6.566795009762664, -7.1276021339883595, -9.01605409960614, -0.8365954651536853, -7.373618268537334, 8.513134971252576],[-9.419367578249156, -3.6053435148582818, 0.4486237378008546, -5.412835200630985, 4.39380278081469, -3.2739787326124077, 6.796537958580224, 4.430849373823747, -1.1201746953550522, -4.38289166602779, 9.755928892130605, 9.850425836569961, 6.858638682245651, 4.805317393666025, -4.971730117216866, 5.404032801571162],[-1.4289222535708497, -1.7870639359616654, 2.0954322555693654, 7.246438725234398, -2.577409114898133, -1.6783671971683845, -3.876951696025321, 5.414193624069226, -0.9784917891743898, -0.9010593481220255, -9.854671945351754, -1.6693648218446597, -5.81221392887322, 3.612107884761965, -8.985304631515644, 6.8466069623856605],[6.228563946111844, 7.949502598999068, 6.339600489431586, -7.7204057389507375, 1.4818700916012766, -0.10170814011676654, 8.872405784288283, -7.299584172689224, -9.405096577953822, 7.405776098900617, 0.7176184596673796, 4.118304346470193, -9.47714702033462, -8.903227673067919, -7.043096728324563, -3.18246696336754],[5.378753513235866, -3.072560613681392, 5.1421427562641, -3.8178778637935196, 8.034392647951293, 5.550941730566866, 2.7826966173791075, -9.041534184026546, 3.7668355109126495, 4.049014760967848, -7.911133243519462, -3.856016399522564, -7.735356232535258, 6.262036194774868, 3.1007632873488085, -7.446811063484762],[-5.047583500126233, 6.434995419823132, 1.210612629790699, -9.39915048492367, 0.8617948218785649, -0.8024344467723061, -4.7081333171104305, -0.3811816657786249, 6.171614645434943, 7.8222353069084996, -8.120688009574193, 9.452386182657754, 0.05942057823354929, 7.278691974657079, 0.1466552095860898, 3.0268264132080596],[2.6510798571903607, -1.4090458717226433, 4.908895834776132, -2.5999918771837427, 9.624774607338185, 2.4606579765088554, 1.9469240879605252, 9.090531382101656, 2.420177927391318, -9.766555956447142, 1.662215696108877, -6.105593986169784, 3.0231456675952924, -6.023530371229347, 2.151102394051282, -4.371129242497522],[7.940800653819828, 8.798608301821837, -6.254875419924842, 7.859688905892057, -6.023531751236888, 2.2640185211403026, 3.6460083828296277, -4.102910512463687, 1.5079278097947206, -2.6095464784920797, -9.865395142641624, -1.477741524730865, -8.206149149179318, 2.6395185168895203, 4.515028696164931, 1.0503416878528142],[-3.6259325054999936, 2.7986648389358777, 4.4377155657110645, -1.327451935493304, 1.1535426950996523, 3.809473963119407, 7.276263179234835, -4.160312310626444, 0.5506952128434239, -0.5472339176749585, -7.9964516555669825, 1.6877468113146055, -9.587869952830449, -2.7136341171290574, -5.706229760900241, 6.369401833318982],[-4.760175970512204, 3.9843086443962417, 7.559538667529459, -1.3563650942732526, 8.271422846276195, 1.9397176023093436, 5.065030170296707, -8.811088655682518, -6.390886929894726, 5.856277689602006, 4.107037546344275, -3.1563454004884584, -2.9702425459603354, -6.745515287305843, -3.9122438342345927, 6.3410311722790915],[0.5416173859763092, -9.830608317931812, -5.239796664582956, -3.906654757403367, 3.946301735366262, 9.210284152962451, 9.00917326918243, -4.170457392633136, 2.3487708024789473, -8.308125804189931, -5.823525786119415, 4.048261159033352, 3.446430307841105, 3.7493516056378358, -2.2391045659489546, 2.889821317435766],[5.303874054711134, 9.80974643747085, 8.566476265142104, -3.036497425585054, -5.378718073093891, 2.347643009777485, -9.617477415249699, -3.7761168317840488, 6.016504786177432, 6.269462186862182, -0.7989672447542073, -2.8270160792961825, 3.474638168747248, -8.541682284322132, 6.237082629484611, 2.8059029091496157],[-0.7937010895309964, 0.768685564365974, 4.760820062015442, 3.6265612367199207, 4.3702379113932075, -5.912783636976508, -5.678553868209846, 8.308402423126669, -4.4908401286506265, -7.164106843524134, 8.589379918167769, -3.1868538805106317, 0.1326556000784489, -0.6030359019312073, 0.08146407205344275, 3.643989576810956]];biases=[9.54639930354983, 9.989254103533835, -2.6619409941521006, 4.397934352204713, 5.254872251499165, -5.273273835967293, -0.51145206524488, -5.104814541308591, 2.2111830395414387, -5.934296207854636, 4.777521431061656, -1.0981348098981272, 1.6656586893532506, -0.31498621104603153, -8.079954386546381, -2.174447077623876];activationFunc=ReLu}
layer2: Layer{weights=[[-6.469865926729586, -1.0144562480816344, -3.9598318080858963, 3.7514491157598844, 1.509897432595352, 2.2258573790988265, -7.185513286467988, -4.199751660353989, 0.5791010392253817, 5.118367162970664, 0.49659272566803203, 9.027073637629211, -3.605028777539962, -2.5387413658108304, 1.5368758822475375, 4.9441200324065075]];biases=[-8.10931057938907];activationFunc=Sigmoid}
]
}
NeuralNetwork{
Number_of_neurons: [5,16,16,1]
layers:
[layer0: Layer{weights=[[3.5048841943693922, 2.130471906164013, 9.305191799034041, 8.053291025149637, -0.7373980443441237],[9.002617065194848, 3.8812713285030505, -0.3498093703060121, -2.6991400339452447, 3.85964189822152],[5.280648506517792, -3.4122231117767505, 4.048833496581652, 5.945293551670625, 0.7420152166883867],[-7.415772167882777, 4.145836128923541, -0.3606599591500341, -2.311260348226069, 3.1792762255316944],[3.9065480722698194, 0.03520192822748669, 4.9679274265771305, 1.1946696700138038, 1.7244363100193567],[-5.869846628718749, 3.830705257460181, 5.193325693835453, 5.78994893790477, -9.109740377344902],[-6.350532542185241, -1.61164290909859, 0.14460863374129218, 3.038890705540073, 3.324836771076555],[-2.4065321250166853, -3.638348931455737, 2.9276944499377926, -9.082868263013811, 9.703918605340455],[0.038383925559006826, -1.5670292121346456, -8.755838264441584, -6.429458532576035, 8.804990872575697],[0.15807152001993963, -5.980796724185082, -8.545987940618547, 1.699009748882851, -1.8251519300547177],[3.560037456019307, 7.364661165792143, -1.4757307413379692, 7.33796197814716, 5.1819693825288144],[-1.7935787177514424, 2.2075868827846197, 1.631658987594239, 3.0947723168444448, 2.8817533119095096],[7.186061406648378, 0.059375612685075296, -0.04446628256147278, 4.377705513083965, 1.9049977448993651],[9.262337597220263, -0.8135871506490293, 0.3415237698121736, -0.4452855515460783, -8.645908043201388],[7.748352336535643, 8.767517103770583, -8.65639845763994, 9.383686579218416, -3.834523411040534],[-2.844837306100507, 2.5751626841299604, 7.391004319301363, -6.57228321429828, 7.890661243015067]];biases=[-1.8722351035471263, 7.193529256723501, 6.391167081199779, -0.6390888132882573, -8.402489319447797, 9.844609433907028, 8.470591487012356, -7.267552008838985, -8.49688118070735, -3.870934627571094, -4.86733013143567, 4.945611341071263, -9.892807397523914, 7.5127614835292285, -5.975916135021533, 5.363167787454003];activationFunc=ReLu}
layer1: Layer{weights=[[5.740897897605084, -6.626091723279346, 6.357916267094794, 5.380372262686867, 6.681794447463719, 4.761823039850091, 5.485089729856034, 3.2269725874690547, 1.8145504001499226, -7.555523160737739, 0.2785993007571559, -3.301531051403823, -6.818940100594673, -0.6226720504864307, 5.395817053944981, 5.946135383388233],[-4.859611422889496, 8.424060145906083, 9.762249562300617, -3.5563956176285245, 4.069808576013214, 7.39829362454714, -1.2978330310074622, -9.138901853263368, 6.93274055283036, 6.850525294959919, -5.15145276632385, 7.816655446754048, -2.9410705111194835, -2.4867056588992797, -1.7031869215220965, 5.337010430319493],[1.126729600028657, -2.922236968959293, 7.423873304442267, -2.6509671343690178, -7.39310526922119, 2.596431066955528, 2.4496281469375702, -7.36405782123766, -6.178195428030593, -7.927889503287164, -6.563858632797479, -2.569222584852861, -6.713817598917091, 0.9613176175303728, 6.313202880777112, 5.182891385572015],[7.199148323797459, 3.543864182932033, 1.0349261466671962, -9.978485877795624, 3.51958018494415, 4.911210763222634, 8.752712696737206, 4.053719528094501, 4.86608834655112, 5.751930538139137, 6.566795009762664, -7.1276021339883595, -9.01605409960614, 9.352640012724144, -7.373618268537334, 8.513134971252576],[-9.419367578249156, -3.6053435148582818, 1.7376115235214478, -5.412835200630985, 4.39380278081469, -3.2739787326124077, 6.796537958580224, 4.430849373823747, -2.6907421585894493, -4.38289166602779, 9.755928892130605, 9.850425836569961, 6.858638682245651, 4.805317393666025, -4.971730117216866, 5.404032801571162],[-1.4289222535708497, -1.7870639359616654, 2.0954322555693654, -8.848683822429964, -2.577409114898133, -1.6783671971683845, -4.005827512504649, 5.414193624069226, -0.9784917891743898, -9.684233350631494, 3.728482661849654, -1.6693648218446597, -5.81221392887322, 3.612107884761965, -8.985304631515644, -4.132595465079305],[6.228563946111844, -2.8595291619901246, 6.339600489431586, -7.7204057389507375, 1.4818700916012766, -0.10170814011676654, -4.762793992070713, -7.299584172689224, -9.405096577953822, 7.405776098900617, 0.7176184596673796, 4.118304346470193, -9.47714702033462, -8.903227673067919, -7.043096728324563, -3.18246696336754],[5.378753513235866, -3.072560613681392, 5.1421427562641, -3.8178778637935196, -3.0609171756211717, 5.550941730566866, 2.7826966173791075, -9.041534184026546, 3.7668355109126495, 4.049014760967848, -0.6442623978802509, -3.856016399522564, 0.863206735074499, 6.262036194774868, 3.3511880334248687, -7.446811063484762],[-5.047583500126233, 6.434995419823132, 1.210612629790699, 3.2316652940425215, 0.9355152423204274, -0.8024344467723061, -4.7081333171104305, 1.9551920194154135, 6.171614645434943, 7.8222353069084996, -8.120688009574193, 9.452386182657754, 0.05942057823354929, -7.744740557292797, 0.1466552095860898, 3.0268264132080596],[2.6510798571903607, -4.791249229520053, 4.908895834776132, -2.5999918771837427, 9.624774607338185, 2.4606579765088554, 1.9469240879605252, 5.884075336843001, 2.420177927391318, -9.766555956447142, 1.662215696108877, -6.105593986169784, 3.0231456675952924, -6.023530371229347, 2.151102394051282, -4.371129242497522],[7.940800653819828, 8.798608301821837, -6.254875419924842, 7.859688905892057, 7.251401542465871, -5.498180964818293, 3.6460083828296277, -4.102910512463687, 1.5079278097947206, -2.6095464784920797, 1.4908394644507066, -1.477741524730865, -8.206149149179318, 2.6395185168895203, 4.515028696164931, 0.182797370377763],[-3.6259325054999936, 2.7986648389358777, -3.6509076634778577, -1.327451935493304, 1.1535426950996523, 3.809473963119407, 7.276263179234835, -4.160312310626444, 0.5506952128434239, 6.339381899922479, -7.9964516555669825, 1.6877468113146055, -9.587869952830449, 5.544652643380552, -5.706229760900241, 6.369401833318982],[-4.760175970512204, 3.9843086443962417, 7.901582069001375, -1.3563650942732526, 8.271422846276195, 1.9397176023093436, 5.065030170296707, -8.811088655682518, -5.1511766849575125, 5.856277689602006, 4.107037546344275, -3.1563454004884584, -2.9702425459603354, -6.745515287305843, -3.9122438342345927, 6.3410311722790915],[0.5416173859763092, -9.830608317931812, 3.20608910553198, -3.906654757403367, 3.946301735366262, 9.210284152962451, 9.00917326918243, 3.1946262442935485, 4.279382301297218, -8.308125804189931, 6.237686171816392, 4.048261159033352, 3.446430307841105, 7.597394200588269, 4.124534320475931, 2.889821317435766],[5.303874054711134, 9.80974643747085, 8.566476265142104, -3.036497425585054, -5.378718073093891, 1.3675298430066203, -9.617477415249699, -3.7761168317840488, 6.016504786177432, 6.269462186862182, -0.7989672447542073, -2.8270160792961825, 3.474638168747248, -8.541682284322132, 6.237082629484611, 2.8059029091496157],[-0.7937010895309964, 7.677622747035645, 4.760820062015442, 3.6265612367199207, 4.3702379113932075, -5.912783636976508, -5.678553868209846, 8.308402423126669, 3.5798489158982587, -2.645031736755339, 8.589379918167769, -3.1868538805106317, 0.1326556000784489, -0.6030359019312073, 3.3748342692027684, 3.643989576810956]];biases=[9.54639930354983, 9.989254103533835, -2.6619409941521006, 4.397934352204713, 5.254872251499165, -5.273273835967293, -0.51145206524488, -5.104814541308591, 2.2111830395414387, 7.86624484702137, 4.777521431061656, -1.0981348098981272, 1.6656586893532506, 5.669435413617855, -8.079954386546381, -2.174447077623876];activationFunc=ReLu}
layer2: Layer{weights=[[-6.469865926729586, -1.0144562480816344, -3.9598318080858963, 3.7514491157598844, 1.509897432595352, 5.632663153534878, -7.185513286467988, 7.499538809437915, 0.5791010392253817, 5.118367162970664, 0.49659272566803203, 9.027073637629211, -3.605028777539962, -2.5387413658108304, 1.5368758822475375, 4.9441200324065075]];biases=[-8.10931057938907];activationFunc=Sigmoid}
]
}
NeuralNetwork{
Number_of_neurons: [5,16,16,1]
layers:
[layer0: Layer{weights=[[3.5048841943693922, 2.130471906164013, 9.305191799034041, 8.053291025149637, -0.7373980443441237],[-4.507676563940375, 3.8812713285030505, 0.5957558256603672, -2.6991400339452447, 8.947282929185711],[5.280648506517792, -3.4122231117767505, 4.048833496581652, 5.945293551670625, 0.7420152166883867],[-7.415772167882777, 4.145836128923541, 4.983895084233524, -2.311260348226069, 8.04945418448526],[3.9065480722698194, 0.03520192822748669, 4.9679274265771305, 1.1946696700138038, 1.7244363100193567],[-5.264260588419272, 3.830705257460181, -1.3057874494365578, 3.5825213949233223, -9.109740377344902],[-6.350532542185241, -1.61164290909859, 0.14460863374129218, 3.038890705540073, 3.324836771076555],[-2.4065321250166853, -3.638348931455737, -6.114800158008562, -9.082868263013811, 9.703918605340455],[0.038383925559006826, -1.5670292121346456, -8.755838264441584, -6.429458532576035, 8.804990872575697],[0.15807152001993963, -5.980796724185082, -8.545987940618547, 1.699009748882851, -1.8251519300547177],[3.560037456019307, 7.364661165792143, -1.4757307413379692, 7.33796197814716, 5.1819693825288144],[-1.7935787177514424, 2.2075868827846197, 1.631658987594239, 3.0947723168444448, 2.8817533119095096],[7.186061406648378, 0.059375612685075296, 5.167688981049299, 4.377705513083965, 2.5023340287006572],[9.262337597220263, -0.8135871506490293, 0.3415237698121736, -0.4452855515460783, -8.645908043201388],[7.748352336535643, 8.767517103770583, -8.65639845763994, 9.383686579218416, -0.7311906072370693],[-2.844837306100507, 2.5751626841299604, 7.391004319301363, 5.253614500726906, -4.138276963088037]];biases=[-1.8722351035471263, 7.193529256723501, -4.429909746921512, -0.6390888132882573, 1.1561793039344366, 9.844609433907028, 8.470591487012356, -7.267552008838985, -8.49688118070735, -3.870934627571094, -4.86733013143567, -2.2316739329940933, -9.892807397523914, 7.5127614835292285, -5.975916135021533, 5.363167787454003];activationFunc=ReLu}
layer1: Layer{weights=[[5.740897897605084, -3.361441790943987, 6.357916267094794, 5.380372262686867, 6.681794447463719, 4.761823039850091, 5.485089729856034, 3.2269725874690547, 1.8145504001499226, -7.555523160737739, 0.2785993007571559, -3.301531051403823, -6.818940100594673, -0.6226720504864307, 8.1882879584225, 5.946135383388233],[-4.859611422889496, -0.6237835287877687, 9.762249562300617, -3.5563956176285245, 4.069808576013214, 7.39829362454714, -1.2978330310074622, -9.138901853263368, 6.93274055283036, 6.850525294959919, -5.15145276632385, -6.708443396464448, -2.9410705111194835, -2.4867056588992797, -1.7031869215220965, 5.337010430319493],[-8.30409449694683, -2.922236968959293, 7.423873304442267, -2.6509671343690178, -7.39310526922119, 2.596431066955528, 8.376003165355051, -7.36405782123766, -6.178195428030593, -7.927889503287164, -6.563858632797479, -2.569222584852861, -8.706410447404938, 0.9613176175303728, 6.313202880777112, 5.182891385572015],[7.199148323797459, -8.269372303200342, -4.146961893486971, -9.978485877795624, 3.51958018494415, 4.911210763222634, 8.752712696737206, 4.053719528094501, 4.86608834655112, 5.751930538139137, 6.566795009762664, -7.1276021339883595, -9.01605409960614, -0.8365954651536853, -7.373618268537334, 8.513134971252576],[-9.419367578249156, -3.6053435148582818, 0.4486237378008546, -5.412835200630985, 4.39380278081469, -3.2739787326124077, 6.796537958580224, 4.430849373823747, -2.6907421585894493, -4.38289166602779, 9.755928892130605, 9.850425836569961, 6.858638682245651, 4.805317393666025, -4.971730117216866, 5.404032801571162],[-1.4289222535708497, -1.7870639359616654, 2.0954322555693654, -8.848683822429964, -2.577409114898133, -1.6783671971683845, -4.005827512504649, 5.414193624069226, -0.9784917891743898, -0.9010593481220255, -9.854671945351754, -1.6693648218446597, -5.81221392887322, 3.612107884761965, -8.985304631515644, 6.8466069623856605],[6.228563946111844, -2.8595291619901246, 6.339600489431586, -7.7204057389507375, 1.4818700916012766, -0.10170814011676654, 6.18612657603996, -7.299584172689224, -9.405096577953822, -2.6775512043007987, 9.8173055472699, 4.118304346470193, -9.47714702033462, -8.903227673067919, -7.043096728324563, -3.18246696336754],[5.378753513235866, -3.072560613681392, 5.1421427562641, -3.8178778637935196, 8.034392647951293, 5.550941730566866, 2.7826966173791075, -9.041534184026546, 3.7668355109126495, 4.049014760967848, -7.911133243519462, -3.856016399522564, -7.735356232535258, 6.262036194774868, 3.3511880334248687, -7.446811063484762],[-5.047583500126233, -3.1125030069860893, 1.210612629790699, -9.39915048492367, 0.8617948218785649, 1.5555063070490185, -4.7081333171104305, 1.9551920194154135, 6.171614645434943, 7.8222353069084996, -8.120688009574193, 9.452386182657754, -6.406720573612459, -7.744740557292797, 0.1466552095860898, 3.0268264132080596],[2.6510798571903607, -1.4090458717226433, 4.908895834776132, -2.5999918771837427, 9.624774607338185, 2.4606579765088554, 1.9469240879605252, 1.3199013747037966, 2.420177927391318, -9.766555956447142, 1.662215696108877, -6.105593986169784, 3.0231456675952924, -6.023530371229347, 2.151102394051282, -4.371129242497522],[7.940800653819828, 8.798608301821837, -6.254875419924842, 7.859688905892057, 7.251401542465871, -5.498180964818293, 1.0330321692054785, -4.102910512463687, 1.5079278097947206, -2.6095464784920797, -9.571996721607864, -1.477741524730865, -8.206149149179318, 2.6395185168895203, 4.515028696164931, 1.0503416878528142],[-3.6259325054999936, 9.505392814271293, 4.4377155657110645, -1.327451935493304, 1.1535426950996523, 3.809473963119407, 7.276263179234835, -4.160312310626444, 0.5506952128434239, 6.339381899922479, -7.9964516555669825, 1.6877468113146055, -9.587869952830449, -2.7136341171290574, -5.706229760900241, 6.369401833318982],[-4.760175970512204, 3.9843086443962417, 7.559538667529459, -1.3563650942732526, 8.271422846276195, 1.9397176023093436, 5.065030170296707, -8.811088655682518, -5.1511766849575125, 5.856277689602006, 4.107037546344275, -3.1563454004884584, -2.9702425459603354, -6.745515287305843, -5.027388533247912, 6.3410311722790915],[0.5416173859763092, -9.830608317931812, -5.239796664582956, -3.906654757403367, 3.946301735366262, 9.210284152962451, 9.00917326918243, 3.1946262442935485, 4.279382301297218, -6.550505003207457, 6.237686171816392, 4.048261159033352, 3.446430307841105, 7.597394200588269, -2.2391045659489546, 2.889821317435766],[-3.084415976511046, 9.80974643747085, 8.566476265142104, -3.036497425585054, -5.378718073093891, 2.347643009777485, -9.617477415249699, -3.7761168317840488, 6.016504786177432, 6.269462186862182, -0.7989672447542073, -2.8270160792961825, 3.474638168747248, -8.541682284322132, 6.237082629484611, 2.8059029091496157],[-0.7937010895309964, 7.677622747035645, 4.760820062015442, 3.6265612367199207, 4.3702379113932075, -5.912783636976508, -5.678553868209846, 8.308402423126669, 3.5798489158982587, -7.164106843524134, 8.589379918167769, -3.1868538805106317, 0.1326556000784489, -0.6030359019312073, 3.3748342692027684, 3.643989576810956]];biases=[9.54639930354983, 9.989254103533835, -2.6619409941521006, 4.397934352204713, 5.254872251499165, -5.273273835967293, -0.51145206524488, -5.104814541308591, 2.2111830395414387, -5.934296207854636, 4.777521431061656, -1.0981348098981272, 1.6656586893532506, 4.688036765296413, -8.079954386546381, -2.174447077623876];activationFunc=ReLu}
layer2: Layer{weights=[[-6.469865926729586, -1.0144562480816344, -3.9598318080858963, 3.7514491157598844, 1.509897432595352, 5.632663153534878, -7.185513286467988, -4.199751660353989, 0.5791010392253817, 5.118367162970664, 0.49659272566803203, 9.027073637629211, -3.605028777539962, -2.5387413658108304, 1.5368758822475375, 4.9441200324065075]];biases=[-8.10931057938907];activationFunc=Sigmoid}
]
}
NeuralNetwork{
Number_of_neurons: [5,16,16,1]
layers:
[layer0: Layer{weights=[[-7.127050952874341, 9.44331518614035, 9.305191799034041, 8.053291025149637, -0.7373980443441237],[9.002617065194848, -5.481524806572564, 0.5957558256603672, -2.6991400339452447, 8.947282929185711],[5.280648506517792, -3.4122231117767505, 4.048833496581652, 5.945293551670625, 0.7420152166883867],[-7.415772167882777, 4.145836128923541, -7.137300420011796, -2.311260348226069, 8.04945418448526],[3.9065480722698194, 0.03520192822748669, 4.9679274265771305, 1.1946696700138038, 1.7244363100193567],[-5.869846628718749, 3.830705257460181, 5.193325693835453, 5.78994893790477, -9.109740377344902],[-6.350532542185241, -1.61164290909859, 0.14460863374129218, 9.095717307615658, 3.324836771076555],[-2.4065321250166853, -3.638348931455737, 2.9276944499377926, -0.3570968635271772, 9.703918605340455],[0.038383925559006826, -1.5670292121346456, -8.755838264441584, 3.286284060773866, 8.804990872575697],[0.15807152001993963, -5.980796724185082, -8.545987940618547, 1.699009748882851, -1.8251519300547177],[3.560037456019307, 7.364661165792143, -1.4757307413379692, 7.33796197814716, -8.050195007623596],[-1.7935787177514424, 2.2075868827846197, 1.631658987594239, 3.0947723168444448, -7.196806055065846],[7.186061406648378, 0.059375612685075296, -0.04446628256147278, 4.377705513083965, 2.5023340287006572],[9.262337597220263, -0.8135871506490293, 0.3415237698121736, -0.4452855515460783, -8.645908043201388],[7.748352336535643, 8.767517103770583, -8.65639845763994, 6.74372228821726, -0.7311906072370693],[-9.251396596909096, 2.5751626841299604, 7.391004319301363, 5.253614500726906, -4.138276963088037]];biases=[-1.8722351035471263, 7.193529256723501, -4.429909746921512, -0.6390888132882573, 1.1561793039344366, 9.844609433907028, 8.470591487012356, -7.267552008838985, -8.49688118070735, -3.870934627571094, -4.86733013143567, 4.945611341071263, -9.892807397523914, 7.5127614835292285, -5.975916135021533, -6.351928261091864];activationFunc=ReLu}
layer1: Layer{weights=[[5.740897897605084, -3.361441790943987, 6.357916267094794, 5.380372262686867, -5.458589801010508, 4.761823039850091, 5.485089729856034, 3.2269725874690547, 1.8145504001499226, -7.555523160737739, 0.2785993007571559, -3.301531051403823, -6.818940100594673, -0.6226720504864307, 5.395817053944981, 5.946135383388233],[-4.859611422889496, -0.6237835287877687, 9.762249562300617, -3.5563956176285245, 4.069808576013214, 7.39829362454714, -1.2978330310074622, -9.138901853263368, 6.93274055283036, 6.850525294959919, -5.15145276632385, 7.816655446754048, -2.9410705111194835, -2.4867056588992797, -1.7031869215220965, 5.337010430319493],[1.126729600028657, -2.922236968959293, 7.423873304442267, -2.6509671343690178, -7.39310526922119, 2.596431066955528, 8.376003165355051, -7.36405782123766, -6.178195428030593, -7.927889503287164, -6.563858632797479, -2.569222584852861, -8.706410447404938, 0.9613176175303728, 6.313202880777112, 5.182891385572015],[7.199148323797459, 3.543864182932033, -4.146961893486971, -9.978485877795624, 3.51958018494415, 4.911210763222634, 8.752712696737206, 4.053719528094501, 4.86608834655112, 5.751930538139137, 6.566795009762664, -7.1276021339883595, -9.01605409960614, -2.5508794550940745, -7.373618268537334, 8.513134971252576],[-9.419367578249156, -3.6053435148582818, 0.4486237378008546, -5.412835200630985, 4.39380278081469, -3.2739787326124077, 6.796537958580224, 4.430849373823747, -2.6907421585894493, -4.38289166602779, 9.755928892130605, 9.850425836569961, 6.858638682245651, 4.805317393666025, -4.971730117216866, 5.404032801571162],[-1.4289222535708497, -1.7870639359616654, 2.0954322555693654, 4.238741055715414, -2.577409114898133, -1.6783671971683845, -4.005827512504649, 5.414193624069226, -6.273292506367076, -0.9010593481220255, -9.854671945351754, -1.6693648218446597, -5.81221392887322, 3.612107884761965, -8.985304631515644, 6.8466069623856605],[6.228563946111844, -2.8595291619901246, 6.339600489431586, -7.7204057389507375, 1.4818700916012766, -0.10170814011676654, -4.762793992070713, 3.777075242214165, -9.405096577953822, 7.405776098900617, 0.7176184596673796, 4.118304346470193, -9.47714702033462, -8.903227673067919, -7.043096728324563, -3.18246696336754],[5.378753513235866, -3.072560613681392, 5.1421427562641, -3.8178778637935196, 8.034392647951293, 5.550941730566866, 2.7826966173791075, -1.114598984736059, 3.7668355109126495, 4.049014760967848, -7.911133243519462, -3.856016399522564, -7.735356232535258, 6.262036194774868, 3.3511880334248687, -5.255790246384359],[-5.047583500126233, 6.434995419823132, 1.210612629790699, -9.39915048492367, 0.8617948218785649, -0.8024344467723061, -4.7081333171104305, -2.5580534060504334, 6.171614645434943, 7.8222353069084996, -8.120688009574193, 9.452386182657754, 0.05942057823354929, -7.744740557292797, 0.1466552095860898, 3.0268264132080596],[2.6510798571903607, -1.4090458717226433, 4.908895834776132, -2.5999918771837427, 9.624774607338185, 2.4606579765088554, 1.9469240879605252, 5.884075336843001, 2.420177927391318, -9.766555956447142, 1.662215696108877, -6.105593986169784, 3.0231456675952924, -6.023530371229347, 2.151102394051282, -4.371129242497522],[6.743399392679006, 1.2488800163153186, -6.254875419924842, 7.859688905892057, 7.251401542465871, -5.498180964818293, 3.6460083828296277, 3.158451323185057, 1.5079278097947206, -2.6095464784920797, 1.4908394644507066, -3.7641448832895357, -8.206149149179318, 2.6395185168895203, 4.515028696164931, 1.0503416878528142],[-3.6259325054999936, 2.7986648389358777, 4.4377155657110645, -1.327451935493304, 1.1535426950996523, 3.809473963119407, 7.276263179234835, -4.160312310626444, 0.5506952128434239, 6.339381899922479, 1.8770633792643956, 1.6877468113146055, -9.587869952830449, 7.1488374037444515, -5.706229760900241, 6.369401833318982],[-4.760175970512204, 3.9843086443962417, 7.559538667529459, -1.3563650942732526, 8.271422846276195, 1.9397176023093436, 5.065030170296707, -8.811088655682518, -5.1511766849575125, 5.856277689602006, 4.107037546344275, -3.1563454004884584, -2.9702425459603354, -6.745515287305843, -3.9122438342345927, 0.04895124268754536],[0.5416173859763092, -9.830608317931812, -9.64452106537399, -3.906654757403367, 3.946301735366262, -4.051627479762983, 9.00917326918243, 3.1946262442935485, 4.279382301297218, -8.308125804189931, 6.237686171816392, 4.048261159033352, 3.446430307841105, 7.597394200588269, -2.2391045659489546, 2.889821317435766],[5.303874054711134, 9.80974643747085, 8.566476265142104, -3.036497425585054, 5.25302207709438, -9.70599766456221, -9.617477415249699, -3.7761168317840488, 6.016504786177432, -7.26869616220843, -0.7989672447542073, -2.8270160792961825, 3.474638168747248, -8.541682284322132, 6.237082629484611, 2.8059029091496157],[-0.7937010895309964, 7.677622747035645, 4.760820062015442, 3.6265612367199207, 4.3702379113932075, -5.912783636976508, -5.678553868209846, 8.308402423126669, 3.5798489158982587, -7.164106843524134, 8.589379918167769, -3.1868538805106317, 0.1326556000784489, -0.6030359019312073, 3.3748342692027684, 3.643989576810956]];biases=[9.54639930354983, 7.680459681143624, -2.6619409941521006, 4.397934352204713, 5.254872251499165, -5.273273835967293, -0.51145206524488, -5.104814541308591, 2.2111830395414387, 1.6473550580217928, 4.777521431061656, -1.0981348098981272, 1.6656586893532506, 5.669435413617855, -8.079954386546381, -2.174447077623876];activationFunc=ReLu}
layer2: Layer{weights=[[-6.469865926729586, -1.0144562480816344, -3.9598318080858963, -3.0537936470892717, 1.509897432595352, -9.04317637456283, -7.185513286467988, -4.199751660353989, 0.5791010392253817, 5.118367162970664, -3.2507767643270213, 9.027073637629211, -3.605028777539962, -2.5387413658108304, 1.5368758822475375, 4.9441200324065075]];biases=[-8.10931057938907];activationFunc=Sigmoid}
]
}
NeuralNetwork{
Number_of_neurons: [5,16,16,1]
layers:
[layer0: Layer{weights=[[3.5048841943693922, 2.130471906164013, 9.305191799034041, 8.053291025149637, -0.7373980443441237],[9.002617065194848, 3.8812713285030505, 0.5957558256603672, -2.6991400339452447, 8.947282929185711],[5.280648506517792, -3.4122231117767505, 4.048833496581652, 5.945293551670625, 0.7420152166883867],[-7.415772167882777, 4.145836128923541, -7.137300420011796, 2.7441793979741718, 8.04945418448526],[3.9065480722698194, 0.03520192822748669, 4.9679274265771305, 1.1946696700138038, 1.7244363100193567],[-4.998726210170759, 3.830705257460181, 5.193325693835453, 5.78994893790477, -9.109740377344902],[-6.350532542185241, -1.61164290909859, 0.14460863374129218, 3.038890705540073, 3.324836771076555],[2.907656686141957, -1.879617353409797, 2.9276944499377926, -9.082868263013811, 9.703918605340455],[0.038383925559006826, -1.5670292121346456, -8.755838264441584, -7.139802693300439, 8.804990872575697],[0.15807152001993963, -5.980796724185082, -8.545987940618547, 1.699009748882851, -1.8251519300547177],[3.560037456019307, 7.364661165792143, -1.4757307413379692, 7.33796197814716, 5.1819693825288144],[-1.7935787177514424, 2.2075868827846197, 1.631658987594239, 3.0947723168444448, 5.503780027407675],[7.186061406648378, 0.059375612685075296, -0.04446628256147278, 4.377705513083965, 2.5023340287006572],[9.262337597220263, 2.4533464266811222, 0.3415237698121736, -0.4452855515460783, -8.645908043201388],[7.748352336535643, 8.767517103770583, -8.65639845763994, 9.383686579218416, -0.7311906072370693],[-2.844837306100507, 2.5751626841299604, 7.391004319301363, 5.253614500726906, -4.138276963088037]];biases=[-1.8722351035471263, 7.193529256723501, -4.429909746921512, -0.6390888132882573, 1.1561793039344366, -4.915150845864542, 8.470591487012356, -7.267552008838985, -8.49688118070735, -3.870934627571094, -4.86733013143567, 4.945611341071263, -9.892807397523914, -7.934540158405776, -5.975916135021533, 5.363167787454003];activationFunc=ReLu}
layer1: Layer{weights=[[5.740897897605084, -3.361441790943987, 6.357916267094794, 5.380372262686867, 6.681794447463719, 4.761823039850091, 5.485089729856034, -7.412349142391113, 7.475200158952923, -7.555523160737739, 0.2785993007571559, -3.301531051403823, -6.818940100594673, -0.6226720504864307, 5.395817053944981, 5.946135383388233],[-2.2145156865292748, -0.6237835287877687, 9.762249562300617, -3.5563956176285245, 4.069808576013214, 7.39829362454714, -1.2978330310074622, -9.138901853263368, 6.93274055283036, 6.850525294959919, -5.15145276632385, 7.816655446754048, -2.9410705111194835, -2.4867056588992797, -1.7031869215220965, 5.337010430319493],[-1.0035989579242113, -2.922236968959293, 7.423873304442267, -2.6509671343690178, -7.39310526922119, 2.596431066955528, 8.376003165355051, -7.36405782123766, -6.178195428030593, -7.927889503287164, -6.563858632797479, -2.569222584852861, -8.706410447404938, 1.0747269541138635, 6.313202880777112, 5.182891385572015],[7.199148323797459, 3.543864182932033, -0.03529703781194726, -9.978485877795624, 3.51958018494415, -6.146503890851647, 8.752712696737206, 4.053719528094501, 4.86608834655112, 5.751930538139137, 6.566795009762664, -7.1276021339883595, -9.01605409960614, -0.8365954651536853, -7.373618268537334, 8.513134971252576],[-9.419367578249156, -3.6053435148582818, 0.4486237378008546, -5.412835200630985, 4.39380278081469, -3.2739787326124077, 6.796537958580224, -2.2314229246734634, -8.698884823664388, -4.38289166602779, 9.755928892130605, 9.850425836569961, 6.858638682245651, 4.805317393666025, -4.971730117216866, 5.404032801571162],[-1.4289222535708497, -1.7870639359616654, 2.0954322555693654, -8.848683822429964, -2.577409114898133, -1.6783671971683845, -4.005827512504649, 5.414193624069226, -0.9784917891743898, -0.9010593481220255, -9.854671945351754, -1.6693648218446597, -5.81221392887322, 3.612107884761965, -8.985304631515644, 6.8466069623856605],[6.228563946111844, -2.8595291619901246, 1.6462881435026961, -9.752804698157396, 1.4818700916012766, -0.10170814011676654, 3.7250327303243207, -7.299584172689224, 9.235672909250862, 7.405776098900617, 0.7176184596673796, 4.118304346470193, -9.47714702033462, -8.903227673067919, -1.0707488590704077, -3.18246696336754],[5.378753513235866, 6.004841427142988, 5.1421427562641, -3.8178778637935196, 8.034392647951293, 5.550941730566866, 2.7826966173791075, -9.041534184026546, 3.7668355109126495, 4.049014760967848, -7.911133243519462, -3.856016399522564, -7.735356232535258, 6.262036194774868, 3.3511880334248687, -7.446811063484762],[-5.047583500126233, 6.434995419823132, 1.210612629790699, -9.39915048492367, 0.8617948218785649, -0.8024344467723061, -4.7081333171104305, 1.9551920194154135, 6.171614645434943, 7.8222353069084996, -2.1890526598506295, 9.452386182657754, 0.05942057823354929, -7.744740557292797, 0.1466552095860898, 1.9935541325634638],[2.6510798571903607, -1.4090458717226433, 4.908895834776132, -0.12210480814682079, 9.624774607338185, 2.4606579765088554, 1.4625492942756289, 5.884075336843001, 2.420177927391318, -9.766555956447142, 1.662215696108877, -6.105593986169784, 3.0231456675952924, -6.023530371229347, 2.151102394051282, 2.493316818786486],[-8.938153384403208, 8.798608301821837, -6.254875419924842, 7.859688905892057, 7.251401542465871, -5.498180964818293, 3.6460083828296277, -4.102910512463687, 1.5079278097947206, -2.6095464784920797, 1.4908394644507066, -1.477741524730865, -8.206149149179318, 2.6395185168895203, 4.515028696164931, 1.0503416878528142],[-0.9310968313426731, 2.7986648389358777, 4.4377155657110645, -1.327451935493304, 1.1535426950996523, 3.809473963119407, 7.276263179234835, -4.160312310626444, 0.5506952128434239, 6.339381899922479, -7.9964516555669825, 1.6877468113146055, -9.587869952830449, -2.7136341171290574, -5.706229760900241, 6.369401833318982],[-4.760175970512204, 3.9843086443962417, 7.559538667529459, -1.3563650942732526, 8.271422846276195, 1.9397176023093436, 5.065030170296707, -8.811088655682518, -5.1511766849575125, 5.856277689602006, 4.107037546344275, -3.1563454004884584, -2.9702425459603354, -6.745515287305843, -3.9122438342345927, 6.3410311722790915],[0.5416173859763092, -9.830608317931812, -5.239796664582956, -3.906654757403367, 3.946301735366262, -4.50034376157557, -7.305818902865684, 3.1946262442935485, 4.279382301297218, -8.308125804189931, 6.237686171816392, 4.048261159033352, 3.446430307841105, -0.04499327535054043, -7.514156638433624, 2.889821317435766],[5.303874054711134, 7.497961475276142, 8.566476265142104, -3.036497425585054, -5.378718073093891, 2.347643009777485, -9.617477415249699, -3.7761168317840488, 6.016504786177432, 6.269462186862182, -0.7989672447542073, -2.8270160792961825, 3.474638168747248, -8.541682284322132, 6.237082629484611, 2.8059029091496157],[-0.7937010895309964, 7.677622747035645, 4.760820062015442, 3.6265612367199207, 4.3702379113932075, -5.912783636976508, -5.678553868209846, 8.308402423126669, 3.5798489158982587, -7.164106843524134, 8.589379918167769, -7.526680076632353, 0.1326556000784489, -0.6030359019312073, 3.3748342692027684, 3.643989576810956]];biases=[9.54639930354983, 9.989254103533835, -2.6619409941521006, 4.397934352204713, 5.254872251499165, -5.273273835967293, -0.51145206524488, -5.104814541308591, 2.2111830395414387, -5.934296207854636, 4.777521431061656, -1.0981348098981272, 1.6656586893532506, 5.669435413617855, -8.079954386546381, -2.174447077623876];activationFunc=ReLu}
layer2: Layer{weights=[[-6.469865926729586, -1.0144562480816344, 4.458252205580838, -1.856696752916239, 1.509897432595352, 5.632663153534878, -7.185513286467988, -4.199751660353989, 0.5791010392253817, 5.118367162970664, 0.49659272566803203, 9.027073637629211, -3.605028777539962, -2.5387413658108304, 8.389372385182455, 4.9441200324065075]];biases=[-8.10931057938907];activationFunc=Sigmoid}
]
}
NeuralNetwork{
Number_of_neurons: [5,16,16,1]
layers:
[layer0: Layer{weights=[[3.5048841943693922, 2.130471906164013, 9.305191799034041, 8.053291025149637, -0.7373980443441237],[9.002617065194848, 3.8812713285030505, -5.2637790905189386, -2.6991400339452447, 8.947282929185711],[5.280648506517792, -3.4122231117767505, 4.048833496581652, 5.945293551670625, 0.7420152166883867],[-7.415772167882777, 4.145836128923541, -7.137300420011796, -2.311260348226069, 8.04945418448526],[3.9065480722698194, 0.03520192822748669, 4.9679274265771305, 1.1946696700138038, 1.7244363100193567],[-9.440272324436968, 3.830705257460181, 5.193325693835453, 5.78994893790477, -9.109740377344902],[-6.350532542185241, -1.61164290909859, 0.14460863374129218, 3.038890705540073, 3.324836771076555],[-2.639396772817557, -3.638348931455737, 2.9276944499377926, -9.082868263013811, 9.703918605340455],[0.038383925559006826, -1.5670292121346456, -8.755838264441584, -6.429458532576035, 8.804990872575697],[0.15807152001993963, -5.980796724185082, -8.545987940618547, 1.699009748882851, -1.8251519300547177],[3.560037456019307, 7.364661165792143, -1.4757307413379692, 0.25859481999936484, 5.1819693825288144],[-1.7935787177514424, 2.2075868827846197, 1.631658987594239, 3.0947723168444448, 2.8817533119095096],[7.186061406648378, 0.059375612685075296, -0.04446628256147278, -7.58462799674811, 2.5023340287006572],[9.262337597220263, -0.8135871506490293, 0.3415237698121736, -0.4452855515460783, -8.645908043201388],[7.748352336535643, 8.767517103770583, -8.65639845763994, 9.383686579218416, -0.7311906072370693],[-2.844837306100507, 2.5751626841299604, 7.391004319301363, 5.253614500726906, -4.138276963088037]];biases=[-1.8722351035471263, 7.193529256723501, -4.429909746921512, -0.9057960913253265, 1.1561793039344366, 9.844609433907028, 8.470591487012356, -2.470852939508408, -8.49688118070735, -3.870934627571094, -4.86733013143567, 4.945611341071263, -9.892807397523914, 7.5127614835292285, -5.975916135021533, 5.363167787454003];activationFunc=ReLu}
layer1: Layer{weights=[[5.740897897605084, -3.361441790943987, -0.2006015622191839, 5.380372262686867, 6.681794447463719, 4.761823039850091, 5.485089729856034, 8.740323810783895, 1.8145504001499226, -7.555523160737739, 0.2785993007571559, -3.301531051403823, -6.818940100594673, -0.6226720504864307, 5.395817053944981, 5.946135383388233],[-4.859611422889496, -0.6237835287877687, 9.762249562300617, -3.5563956176285245, 4.069808576013214, 7.39829362454714, -1.2978330310074622, -9.138901853263368, 6.93274055283036, 6.850525294959919, 3.1509462955699075, 7.816655446754048, -2.9410705111194835, -2.4867056588992797, -1.7031869215220965, 5.337010430319493],[8.268453047407263, -9.547763050093778, 7.423873304442267, -2.6509671343690178, -7.39310526922119, 2.596431066955528, 8.376003165355051, -7.36405782123766, -6.178195428030593, -7.927889503287164, -6.563858632797479, -2.569222584852861, -8.706410447404938, 0.9613176175303728, 6.313202880777112, 5.182891385572015],[7.199148323797459, 3.543864182932033, -4.146961893486971, -9.978485877795624, 3.51958018494415, 4.911210763222634, 8.752712696737206, 4.053719528094501, 4.86608834655112, 5.751930538139137, 6.566795009762664, -7.1276021339883595, 4.083457235673116, -0.8365954651536853, -7.373618268537334, 8.513134971252576],[-9.419367578249156, -3.6053435148582818, 0.4486237378008546, -5.412835200630985, 4.39380278081469, -3.2739787326124077, 6.796537958580224, 4.430849373823747, 0.23774255525250965, -4.38289166602779, 9.755928892130605, 9.850425836569961, 6.858638682245651, 4.805317393666025, -4.971730117216866, 5.404032801571162],[-1.4289222535708497, -1.7870639359616654, 2.0954322555693654, -8.848683822429964, -2.577409114898133, -7.787173569313253, -4.005827512504649, 5.414193624069226, -0.9784917891743898, -0.9010593481220255, -9.854671945351754, -1.6693648218446597, 6.302951670950986, 3.612107884761965, -8.985304631515644, 4.0886649895314555],[6.228563946111844, -2.8595291619901246, 6.339600489431586, -7.7204057389507375, 1.4818700916012766, -0.10170814011676654, -4.762793992070713, -4.906695889876391, -9.405096577953822, 7.405776098900617, 0.7176184596673796, 5.432184755281549, -9.47714702033462, -5.1035211017068605, -7.043096728324563, -3.18246696336754],[5.378753513235866, -3.072560613681392, 5.1421427562641, -3.8178778637935196, 8.034392647951293, 5.550941730566866, 2.7826966173791075, -9.041534184026546, 3.7668355109126495, 4.049014760967848, -5.513092412632313, -3.856016399522564, -7.735356232535258, 6.262036194774868, 3.3511880334248687, -7.446811063484762],[-5.047583500126233, 6.434995419823132, -4.960164919961105, -9.39915048492367, 8.115373206024724, -0.8024344467723061, -4.7081333171104305, 1.9551920194154135, -2.1526965407397185, 7.8222353069084996, -8.120688009574193, 0.15443151495465557, 0.05942057823354929, -7.744740557292797, 0.1466552095860898, 3.0268264132080596],[2.6510798571903607, -1.4090458717226433, 4.908895834776132, -2.5999918771837427, 9.624774607338185, 2.4606579765088554, 1.9469240879605252, 5.884075336843001, 2.420177927391318, -9.766555956447142, 1.662215696108877, -6.105593986169784, 3.0231456675952924, -6.023530371229347, 2.151102394051282, -4.371129242497522],[7.940800653819828, 8.798608301821837, -1.880355937637507, 7.859688905892057, 7.251401542465871, -5.498180964818293, 3.6460083828296277, -4.102910512463687, 1.5079278097947206, -2.6095464784920797, 1.4908394644507066, -1.477741524730865, -8.206149149179318, 2.6395185168895203, 4.515028696164931, 1.0503416878528142],[-3.6259325054999936, 2.7986648389358777, 4.4377155657110645, -1.327451935493304, 1.1535426950996523, 3.809473963119407, 7.276263179234835, -4.160312310626444, 0.5506952128434239, 6.339381899922479, 6.7860265770534625, 1.6877468113146055, -9.587869952830449, 7.068328400864729, -5.706229760900241, 6.369401833318982],[-4.760175970512204, 3.9843086443962417, 7.559538667529459, -1.3563650942732526, 2.874848745920211, 6.991055552815386, 5.065030170296707, -8.811088655682518, -5.1511766849575125, 5.856277689602006, 4.107037546344275, -3.1563454004884584, -2.9702425459603354, -6.745515287305843, -3.9122438342345927, 6.3410311722790915],[0.5416173859763092, -9.830608317931812, -5.239796664582956, -3.906654757403367, 3.946301735366262, 9.210284152962451, 9.00917326918243, 3.1946262442935485, 4.279382301297218, -8.308125804189931, 6.237686171816392, 4.048261159033352, 3.446430307841105, 7.597394200588269, 9.860701098341604, 2.889821317435766],[5.303874054711134, 9.80974643747085, 8.566476265142104, -3.036497425585054, -5.378718073093891, 2.347643009777485, -9.617477415249699, -3.7761168317840488, 7.537643897823475, 3.473992821508677, 3.9826472888851256, -2.8270160792961825, 3.474638168747248, -8.541682284322132, 6.237082629484611, 2.8059029091496157],[8.449625940606097, 7.677622747035645, 4.760820062015442, 3.6265612367199207, 4.3702379113932075, -5.912783636976508, -5.678553868209846, 8.308402423126669, 3.5798489158982587, -7.164106843524134, 8.589379918167769, -3.1868538805106317, 0.1326556000784489, -0.6030359019312073, 3.3748342692027684, 7.651951375467728]];biases=[9.54639930354983, 9.989254103533835, -2.6619409941521006, -1.339952466994255, 5.254872251499165, -5.273273835967293, -0.51145206524488, 9.791724113124488, 2.2111830395414387, -5.934296207854636, 4.777521431061656, -1.0981348098981272, 1.6656586893532506, 5.669435413617855, -8.079954386546381, -2.174447077623876];activationFunc=ReLu}
layer2: Layer{weights=[[9.84127942878262, -1.0144562480816344, -3.9598318080858963, 3.7514491157598844, -1.938955060352857, 5.632663153534878, -7.185513286467988, -4.199751660353989, -4.853381752694759, 5.118367162970664, 0.49659272566803203, 9.027073637629211, -3.605028777539962, -2.5387413658108304, 1.5368758822475375, 4.9441200324065075]];biases=[-8.10931057938907];activationFunc=Sigmoid}
]
}