x= 290.0
generationNumber= 2
bestScore= 1172449
radius= 12.0
maxPipeX= 1060.0
floorY= 540.0
mutationChance= 0.1
max_bias= 10.0
min_bias= -10.0
max_weight= 10.0
min_weight= -10.0
NeuralNetwork{
Number_of_neurons: [5,16,16,1]
layers:
[layer0: Layer{weights=[[3.5048841943693922, -9.903741861900397, 9.305191799034041, 8.053291025149637, -0.7373980443441237],[9.002617065194848, 3.8812713285030505, 6.924405337897895, -2.6991400339452447, -1.0096350149248234],[5.280648506517792, -3.4122231117767505, 4.048833496581652, 5.945293551670625, 0.7420152166883867],[-7.415772167882777, 4.145836128923541, -7.137300420011796, -2.311260348226069, 8.04945418448526],[8.86517166155517, 0.03520192822748669, 4.9679274265771305, 1.1946696700138038, 9.96295571816966],[-5.869846628718749, 7.678614844241956, 5.193325693835453, 5.78994893790477, -9.109740377344902],[-6.350532542185241, -1.61164290909859, 0.14460863374129218, 3.038890705540073, 3.324836771076555],[-2.4065321250166853, -3.638348931455737, 2.9276944499377926, -9.082868263013811, 9.703918605340455],[-3.382999442595569, -1.5670292121346456, -8.755838264441584, -6.429458532576035, 8.804990872575697],[0.15807152001993963, -5.980796724185082, -8.545987940618547, 1.699009748882851, -1.8251519300547177],[3.560037456019307, 7.364661165792143, -1.4757307413379692, 7.33796197814716, 5.1819693825288144],[-1.7935787177514424, 8.800360301319007, 1.631658987594239, 3.0947723168444448, 2.8817533119095096],[7.186061406648378, -4.08942062867591, -0.04446628256147278, 4.377705513083965, 2.5023340287006572],[9.262337597220263, -0.8135871506490293, 0.3415237698121736, -0.4452855515460783, -8.645908043201388],[7.748352336535643, 8.767517103770583, -8.65639845763994, 9.383686579218416, -0.7311906072370693],[-2.844837306100507, 2.5751626841299604, 7.391004319301363, 5.253614500726906, -4.138276963088037]];biases=[-1.8722351035471263, 7.193529256723501, -4.429909746921512, -0.6390888132882573, 1.1561793039344366, 9.844609433907028, 8.470591487012356, -7.267552008838985, -8.49688118070735, 2.2498095553839583, -4.86733013143567, 4.945611341071263, -9.892807397523914, 7.5127614835292285, -5.975916135021533, -6.958898887849019];activationFunc=ReLu}
layer1: Layer{weights=[[5.740897897605084, -3.361441790943987, 6.357916267094794, 5.380372262686867, 6.681794447463719, 4.761823039850091, 5.485089729856034, 3.2269725874690547, 1.8145504001499226, -7.555523160737739, 0.2785993007571559, -3.301531051403823, -6.818940100594673, -0.6226720504864307, -2.1952289300377936, 6.202310102491673],[-9.521704988532761, -0.6237835287877687, 5.358492349757448, -9.456557472347768, 4.069808576013214, 7.39829362454714, -1.2978330310074622, 4.109650857496241, 6.93274055283036, 9.671727645885696, -5.15145276632385, 7.816655446754048, -2.9410705111194835, -2.4867056588992797, -1.7031869215220965, 2.81533853809181],[1.126729600028657, -2.922236968959293, 7.423873304442267, -2.6509671343690178, -7.39310526922119, 2.596431066955528, 8.376003165355051, -2.182939782440485, -6.178195428030593, -7.927889503287164, -1.4047035682163962, -2.569222584852861, -8.706410447404938, -2.0335502061948807, 1.2609016048327284, 5.182891385572015],[7.199148323797459, 3.543864182932033, -3.374496715563966, -9.978485877795624, -9.095318280451849, 4.911210763222634, 3.5033665821061994, 4.053719528094501, 4.86608834655112, 5.751930538139137, 5.848062866793866, -7.1276021339883595, -1.4133990833650358, -0.8365954651536853, -7.373618268537334, 9.797085308469534],[-9.419367578249156, -3.6053435148582818, 0.4486237378008546, -5.412835200630985, 4.39380278081469, -3.2739787326124077, 6.796537958580224, 4.430849373823747, -2.6907421585894493, -6.052380259497445, 9.755928892130605, 9.850425836569961, 6.858638682245651, 4.805317393666025, -4.971730117216866, 5.404032801571162],[-1.4289222535708497, -1.7870639359616654, 2.0954322555693654, -8.848683822429964, -2.577409114898133, -1.6783671971683845, -4.005827512504649, 5.414193624069226, -0.9784917891743898, 3.5919567750494696, -9.854671945351754, -1.0168650933570422, -5.81221392887322, 3.612107884761965, -8.985304631515644, 6.8466069623856605],[6.228563946111844, -2.8595291619901246, 4.575810419623473, -7.7204057389507375, 1.4818700916012766, -0.10170814011676654, -4.762793992070713, 4.760774216001945, -9.405096577953822, 6.324672054273371, 0.7176184596673796, 3.020701021817283, -9.47714702033462, -8.903227673067919, -7.043096728324563, -3.18246696336754],[5.378753513235866, -3.072560613681392, -4.4096561347449175, -3.8178778637935196, 8.434948176980399, 5.550941730566866, 2.7826966173791075, -9.041534184026546, 3.7668355109126495, 4.049014760967848, -7.911133243519462, -3.856016399522564, -7.735356232535258, 6.262036194774868, 3.3511880334248687, 0.567253744463379],[-5.047583500126233, 9.308285791551864, 5.71734956489818, 8.941353726464804, 0.8617948218785649, -0.8024344467723061, -4.7081333171104305, 1.9551920194154135, 6.171614645434943, 7.8222353069084996, 4.00438917940704, 9.452386182657754, 0.05942057823354929, -7.744740557292797, 0.1466552095860898, 3.0268264132080596],[2.6510798571903607, 4.987973277213648, 4.989898532024288, -2.5999918771837427, 9.624774607338185, 2.4606579765088554, 1.9469240879605252, 5.884075336843001, 6.945845225596386, -9.766555956447142, 1.662215696108877, -6.105593986169784, 3.0231456675952924, -6.023530371229347, 2.151102394051282, -4.371129242497522],[7.940800653819828, 8.798608301821837, -6.275687392801852, 7.859688905892057, 7.251401542465871, -5.498180964818293, 3.6460083828296277, -4.102910512463687, 1.5079278097947206, -2.6095464784920797, 1.4908394644507066, -1.477741524730865, -8.206149149179318, -1.0857428623853131, 4.515028696164931, 1.0503416878528142],[-3.6259325054999936, 2.7986648389358777, -3.3291912514412525, -1.327451935493304, 1.1535426950996523, 3.809473963119407, 7.276263179234835, -4.160312310626444, -6.911653254475705, 6.339381899922479, -7.9964516555669825, 1.6877468113146055, -9.587869952830449, -2.7136341171290574, -5.706229760900241, 6.369401833318982],[-4.760175970512204, 3.9843086443962417, 7.8779907478533, -1.3563650942732526, 8.271422846276195, 1.9397176023093436, 5.065030170296707, -8.811088655682518, -6.191033807322423, 5.856277689602006, 4.107037546344275, -3.1563454004884584, -2.9702425459603354, -6.745515287305843, -3.9122438342345927, 6.3410311722790915],[0.5416173859763092, 6.30502903931977, -5.239796664582956, -3.906654757403367, 3.946301735366262, 9.210284152962451, 9.00917326918243, 3.1946262442935485, 4.279382301297218, -8.308125804189931, 6.237686171816392, 4.048261159033352, 3.446430307841105, 7.597394200588269, -0.1885160965111794, 2.889821317435766],[5.303874054711134, -5.045884420827457, 8.566476265142104, -3.036497425585054, -5.378718073093891, 2.347643009777485, -9.617477415249699, -3.7761168317840488, 6.016504786177432, 6.269462186862182, -0.7989672447542073, -2.8270160792961825, 3.474638168747248, -8.541682284322132, 6.237082629484611, 2.8059029091496157],[-0.7937010895309964, 7.677622747035645, 4.760820062015442, -9.787916879637947, 4.3702379113932075, -5.912783636976508, -5.678553868209846, 8.308402423126669, 3.5798489158982587, 9.705496432751623, 8.589379918167769, -3.1868538805106317, 0.1326556000784489, -0.6030359019312073, 3.3748342692027684, 3.643989576810956]];biases=[9.54639930354983, 9.989254103533835, -2.6619409941521006, 4.397934352204713, 5.254872251499165, -5.273273835967293, -0.51145206524488, -5.104814541308591, 2.2111830395414387, 5.6866710178138185, 4.777521431061656, -1.0981348098981272, 1.6656586893532506, 5.669435413617855, -8.079954386546381, -2.174447077623876];activationFunc=ReLu}
layer2: Layer{weights=[[-6.469865926729586, -2.6032703292134185, -3.9598318080858963, 3.7514491157598844, 1.509897432595352, 5.632663153534878, -7.185513286467988, -4.199751660353989, 5.193534163092224, 5.118367162970664, 0.49659272566803203, 8.924253873955575, -3.605028777539962, -2.5387413658108304, 1.5368758822475375, 4.9441200324065075]];biases=[-8.10931057938907];activationFunc=Sigmoid}
]
}
NeuralNetwork{
Number_of_neurons: [5,16,16,1]
layers:
[layer0: Layer{weights=[[3.5048841943693922, 2.130471906164013, 9.305191799034041, 8.053291025149637, -0.7373980443441237],[9.002617065194848, 3.8812713285030505, 6.924405337897895, -2.6991400339452447, 8.947282929185711],[5.280648506517792, -3.4122231117767505, 4.048833496581652, 5.945293551670625, 0.7420152166883867],[-7.415772167882777, -3.3837583160649025, -7.137300420011796, -2.311260348226069, 8.04945418448526],[8.86517166155517, 0.03520192822748669, 4.9679274265771305, 1.1946696700138038, 1.7244363100193567],[-5.869846628718749, 3.830705257460181, 5.193325693835453, 5.78994893790477, -9.109740377344902],[-6.350532542185241, -1.61164290909859, 0.14460863374129218, 3.038890705540073, -5.947929294854322],[-2.4065321250166853, -3.638348931455737, 2.9276944499377926, -9.082868263013811, 9.703918605340455],[0.038383925559006826, -1.2184189744656653, -8.755838264441584, -6.429458532576035, 8.804990872575697],[0.15807152001993963, -5.980796724185082, -8.545987940618547, 1.699009748882851, -1.8251519300547177],[3.560037456019307, -2.182671251179076, -1.4757307413379692, 7.33796197814716, 5.1819693825288144],[-1.7935787177514424, 8.800360301319007, 1.631658987594239, 3.0947723168444448, 2.8817533119095096],[7.186061406648378, -4.08942062867591, -0.04446628256147278, 4.377705513083965, 2.5023340287006572],[9.262337597220263, 7.874600554900631, 0.3415237698121736, -0.4452855515460783, -8.645908043201388],[7.748352336535643, 8.767517103770583, -8.65639845763994, 9.383686579218416, -0.7311906072370693],[-2.844837306100507, 5.763877411717534, 7.391004319301363, 5.253614500726906, -4.138276963088037]];biases=[-1.8722351035471263, 7.193529256723501, 7.560467340643516, -0.6390888132882573, 1.1561793039344366, 9.844609433907028, 8.470591487012356, -7.267552008838985, -8.49688118070735, -3.870934627571094, -2.8173682921189407, 4.945611341071263, -9.892807397523914, 7.5127614835292285, -5.975916135021533, 5.363167787454003];activationFunc=ReLu}
layer1: Layer{weights=[[5.740897897605084, -3.361441790943987, 6.357916267094794, 5.380372262686867, 6.681794447463719, 4.761823039850091, 5.485089729856034, 3.2269725874690547, 1.8145504001499226, -7.555523160737739, 0.2785993007571559, -3.301531051403823, 1.8850929791528372, -0.6226720504864307, -0.9844062928085897, 5.946135383388233],[-4.859611422889496, -0.6237835287877687, 9.762249562300617, -9.456557472347768, 4.069808576013214, 5.451106647494603, -4.902564206998554, 4.109650857496241, 6.93274055283036, 9.671727645885696, -5.15145276632385, 7.816655446754048, -2.9410705111194835, -2.4867056588992797, -1.7031869215220965, 5.337010430319493],[1.0275108561308137, -2.922236968959293, 7.423873304442267, -2.6509671343690178, -7.39310526922119, 2.596431066955528, 8.376003165355051, -1.1742668445277573, -9.618734744894397, -7.927889503287164, -6.563858632797479, -2.569222584852861, -8.706410447404938, 0.9613176175303728, 1.2609016048327284, 5.182891385572015],[7.199148323797459, 3.543864182932033, -4.146961893486971, -9.978485877795624, -3.8094792444079246, 4.911210763222634, 8.752712696737206, 4.053719528094501, 4.86608834655112, 5.751930538139137, 5.848062866793866, -7.1276021339883595, -1.4133990833650358, -0.8365954651536853, -7.373618268537334, 8.513134971252576],[-9.419367578249156, -3.6053435148582818, -6.083940766059857, -5.412835200630985, 4.39380278081469, -3.2739787326124077, 6.796537958580224, 4.430849373823747, -2.6907421585894493, -4.38289166602779, 9.755928892130605, 9.850425836569961, 6.858638682245651, 4.805317393666025, -4.971730117216866, 2.2802426431571057],[-9.769039465016645, -1.7870639359616654, 2.0954322555693654, -8.848683822429964, -2.577409114898133, -1.6783671971683845, -4.005827512504649, 5.414193624069226, -0.9784917891743898, 3.5919567750494696, -9.854671945351754, -1.6693648218446597, -5.81221392887322, 3.612107884761965, -8.985304631515644, 6.8466069623856605],[6.228563946111844, -2.8595291619901246, 4.575810419623473, -7.7204057389507375, 1.4818700916012766, -9.574493494665337, -4.762793992070713, 1.297064812860011, -9.405096577953822, 6.324672054273371, 0.7176184596673796, 6.721668468757059, -9.47714702033462, -8.903227673067919, -7.043096728324563, -3.18246696336754],[5.378753513235866, -3.072560613681392, 5.1421427562641, -3.8178778637935196, 8.434948176980399, 5.550941730566866, 2.7826966173791075, -9.041534184026546, 3.7668355109126495, 4.049014760967848, -7.911133243519462, -3.856016399522564, -7.735356232535258, 6.262036194774868, 3.3511880334248687, 0.567253744463379],[-5.047583500126233, 9.308285791551864, 1.210612629790699, 8.941353726464804, 0.8617948218785649, -0.8024344467723061, -4.7081333171104305, 1.9551920194154135, 6.171614645434943, 7.8222353069084996, 2.1546104076797317, 9.452386182657754, 0.05942057823354929, -7.744740557292797, 0.1466552095860898, 3.0268264132080596],[2.6510798571903607, 4.987973277213648, 4.908895834776132, -2.5999918771837427, 9.624774607338185, 2.4606579765088554, 1.9469240879605252, 5.884075336843001, 6.945845225596386, -9.766555956447142, 1.662215696108877, -6.105593986169784, -2.388245807206932, -6.023530371229347, 2.151102394051282, -4.371129242497522],[7.940800653819828, 8.798608301821837, -6.275687392801852, 7.859688905892057, 7.251401542465871, -5.498180964818293, 3.6460083828296277, -4.102910512463687, 1.5079278097947206, 5.405233224834236, 1.4908394644507066, -1.477741524730865, -5.839518236143952, 2.6395185168895203, 4.515028696164931, 1.0503416878528142],[-3.6259325054999936, 2.7986648389358777, -3.3291912514412525, -1.327451935493304, 1.1535426950996523, 3.809473963119407, 7.276263179234835, -1.5270665566802535, -6.911653254475705, 6.339381899922479, -7.9964516555669825, 1.6877468113146055, -9.587869952830449, -2.7136341171290574, -5.706229760900241, 6.369401833318982],[-4.760175970512204, 3.9843086443962417, 7.559538667529459, -1.3563650942732526, 8.271422846276195, 1.9397176023093436, 5.065030170296707, -8.811088655682518, -5.1511766849575125, 5.856277689602006, 4.107037546344275, -6.9220781357623125, -2.9702425459603354, -6.745515287305843, -3.9122438342345927, 6.3410311722790915],[0.5416173859763092, 6.30502903931977, 4.895051541138402, -3.906654757403367, 3.946301735366262, -3.1345626234249124, 9.00917326918243, 3.1946262442935485, -9.288824778802628, -8.308125804189931, 6.237686171816392, 4.048261159033352, 3.446430307841105, 7.597394200588269, -0.1885160965111794, 2.889821317435766],[5.303874054711134, -5.045884420827457, 8.566476265142104, -3.036497425585054, -5.378718073093891, 2.347643009777485, -9.617477415249699, -3.7761168317840488, 6.016504786177432, 6.269462186862182, -0.7989672447542073, -2.8270160792961825, 3.474638168747248, -8.541682284322132, 6.237082629484611, 2.8059029091496157],[-0.7937010895309964, 7.677622747035645, 4.760820062015442, 5.529039632757071, 4.3702379113932075, -5.912783636976508, -5.678553868209846, 8.308402423126669, 3.5798489158982587, 9.705496432751623, 8.589379918167769, -3.1868538805106317, -5.348944373098337, -0.6030359019312073, 3.3748342692027684, 3.643989576810956]];biases=[9.54639930354983, 9.989254103533835, -2.6619409941521006, 4.397934352204713, 5.254872251499165, -6.99484063735288, -0.51145206524488, -5.104814541308591, 2.2111830395414387, -5.934296207854636, 4.777521431061656, -9.65141090724847, 1.6656586893532506, 5.669435413617855, -8.079954386546381, -2.174447077623876];activationFunc=ReLu}
layer2: Layer{weights=[[-6.469865926729586, -2.6032703292134185, -3.9598318080858963, 3.7514491157598844, 1.509897432595352, 5.632663153534878, -7.185513286467988, -4.199751660353989, 5.193534163092224, 5.118367162970664, -2.347965834657053, 8.924253873955575, -3.605028777539962, -2.5387413658108304, 1.5368758822475375, 4.9441200324065075]];biases=[-9.984923191921908];activationFunc=Sigmoid}
]
}
NeuralNetwork{
Number_of_neurons: [5,16,16,1]
layers:
[layer0: Layer{weights=[[3.5048841943693922, 2.130471906164013, 9.305191799034041, 8.053291025149637, -0.7373980443441237],[9.002617065194848, 3.8812713285030505, 6.924405337897895, -2.6991400339452447, 8.947282929185711],[5.280648506517792, -3.4122231117767505, 4.048833496581652, 5.945293551670625, 0.7420152166883867],[-7.415772167882777, 4.145836128923541, -7.137300420011796, -2.311260348226069, 8.04945418448526],[8.86517166155517, 0.03520192822748669, 4.9679274265771305, 1.1946696700138038, 1.7244363100193567],[-5.869846628718749, 3.830705257460181, 1.0779357448415912, 5.78994893790477, -9.109740377344902],[-6.350532542185241, -1.61164290909859, 9.333663364813695, 3.038890705540073, 3.324836771076555],[-2.4065321250166853, -1.8661707328948012, 2.9276944499377926, -9.082868263013811, 9.703918605340455],[0.038383925559006826, -1.5670292121346456, -8.755838264441584, -6.429458532576035, 8.804990872575697],[0.15807152001993963, -5.980796724185082, -8.545987940618547, 1.699009748882851, -1.8251519300547177],[3.560037456019307, 8.720522127152876, -1.4757307413379692, 7.33796197814716, 5.1819693825288144],[-1.7935787177514424, 8.800360301319007, 1.631658987594239, 3.0947723168444448, 2.8817533119095096],[7.186061406648378, -8.304501179978342, -0.04446628256147278, 4.377705513083965, -1.2633562690520002],[9.262337597220263, -0.8135871506490293, -8.199192563473446, -0.4452855515460783, -8.645908043201388],[7.748352336535643, 8.767517103770583, 7.404291214938958, 9.383686579218416, -0.7311906072370693],[-2.844837306100507, 2.5751626841299604, 7.391004319301363, 5.253614500726906, -4.138276963088037]];biases=[-1.8722351035471263, 7.193529256723501, -4.429909746921512, -0.6390888132882573, 1.1561793039344366, 9.844609433907028, 8.470591487012356, -7.267552008838985, -9.438396042674722, -3.870934627571094, -4.86733013143567, 4.945611341071263, -9.892807397523914, 7.5127614835292285, -5.975916135021533, 5.363167787454003];activationFunc=ReLu}
layer1: Layer{weights=[[5.740897897605084, -3.361441790943987, 6.357916267094794, 5.380372262686867, 6.681794447463719, 4.761823039850091, 5.485089729856034, 3.2269725874690547, 1.8145504001499226, -7.555523160737739, 8.376529479625582, -3.301531051403823, -6.818940100594673, -0.6226720504864307, -0.9844062928085897, 5.946135383388233],[-4.859611422889496, -0.6237835287877687, 9.762249562300617, -9.456557472347768, 4.069808576013214, 7.39829362454714, -1.2978330310074622, 4.109650857496241, 6.93274055283036, 9.671727645885696, -5.15145276632385, 7.816655446754048, -2.9410705111194835, -2.4867056588992797, -1.7031869215220965, 5.337010430319493],[1.126729600028657, -2.922236968959293, 7.423873304442267, -2.6509671343690178, -7.39310526922119, 2.596431066955528, 8.376003165355051, -2.182939782440485, 3.9035142767205784, -7.927889503287164, -6.563858632797479, -2.569222584852861, -8.706410447404938, 0.9613176175303728, 1.7327482516183252, 5.182891385572015],[7.199148323797459, 3.543864182932033, -4.146961893486971, -9.978485877795624, -3.8094792444079246, 4.911210763222634, 8.752712696737206, 4.053719528094501, 4.86608834655112, 5.751930538139137, 5.848062866793866, -7.1276021339883595, -1.4133990833650358, -0.8365954651536853, -7.373618268537334, 8.513134971252576],[-9.419367578249156, -3.6053435148582818, 0.4486237378008546, -5.412835200630985, 4.39380278081469, 6.872697056531518, 6.796537958580224, 4.430849373823747, -2.6907421585894493, -2.5558125892873402, 9.755928892130605, 9.850425836569961, 6.858638682245651, 4.805317393666025, -4.971730117216866, 5.404032801571162],[-1.4289222535708497, -1.7870639359616654, 2.0954322555693654, -8.848683822429964, -2.577409114898133, -1.6783671971683845, -4.005827512504649, 5.414193624069226, -0.9784917891743898, 3.5919567750494696, 3.632893195316008, -1.6693648218446597, -5.81221392887322, 1.5557546358961893, -8.985304631515644, 6.8466069623856605],[6.228563946111844, -2.8595291619901246, 4.575810419623473, -7.7204057389507375, 1.4818700916012766, -0.10170814011676654, -4.762793992070713, 1.297064812860011, -8.620274191204116, 3.846357904169542, 0.7176184596673796, 3.020701021817283, -9.47714702033462, -8.903227673067919, -7.043096728324563, -3.18246696336754],[5.378753513235866, -3.072560613681392, 0.6931613020231691, -3.8178778637935196, 8.434948176980399, 5.550941730566866, 2.7826966173791075, -9.041534184026546, 3.7668355109126495, 4.049014760967848, -7.911133243519462, -3.856016399522564, -7.735356232535258, 6.262036194774868, 3.3511880334248687, 0.567253744463379],[-5.047583500126233, 9.308285791551864, 4.564913028173702, 8.941353726464804, 0.8617948218785649, -0.8024344467723061, -4.7081333171104305, 1.9551920194154135, -1.5505718907481452, 7.8222353069084996, 4.00438917940704, 9.452386182657754, 0.05942057823354929, 5.561649043530393, 0.1466552095860898, 3.0268264132080596],[2.6510798571903607, 4.987973277213648, -5.226575892755124, -2.5999918771837427, 6.009120218718856, 2.4606579765088554, 1.9469240879605252, 5.884075336843001, -7.538232951283616, -9.766555956447142, 1.662215696108877, -6.105593986169784, 3.0231456675952924, -6.023530371229347, 2.151102394051282, -4.371129242497522],[7.940800653819828, 8.798608301821837, -6.275687392801852, 7.859688905892057, 0.6633071671889326, -1.480644853675333, 3.6460083828296277, -4.102910512463687, 1.5079278097947206, -2.6095464784920797, 1.4908394644507066, -1.477741524730865, -8.206149149179318, 2.6395185168895203, 8.376974945515563, 1.0503416878528142],[-3.6259325054999936, 2.7986648389358777, -3.3291912514412525, -1.327451935493304, 5.6748919709928725, 3.809473963119407, 7.276263179234835, -4.160312310626444, -6.911653254475705, 6.339381899922479, -7.9964516555669825, 1.6877468113146055, -9.587869952830449, -2.7136341171290574, -5.706229760900241, 6.369401833318982],[-4.760175970512204, -0.21222817885258038, 7.559538667529459, -1.3563650942732526, 8.271422846276195, 1.9397176023093436, 5.065030170296707, -8.811088655682518, -5.1511766849575125, 5.856277689602006, 4.107037546344275, -3.1563454004884584, 0.22217501880907875, -6.745515287305843, 2.051974479054536, 6.3410311722790915],[0.5416173859763092, 6.30502903931977, -5.239796664582956, -3.906654757403367, 3.946301735366262, 9.210284152962451, 9.00917326918243, 3.1946262442935485, 4.279382301297218, -8.308125804189931, 6.237686171816392, 4.048261159033352, 3.446430307841105, 7.597394200588269, -0.1885160965111794, 1.9578325452013896],[5.303874054711134, -5.3228453304163175, 8.566476265142104, -3.036497425585054, -5.378718073093891, 2.347643009777485, -9.617477415249699, -3.7761168317840488, 6.016504786177432, -0.06574980254032248, -0.7989672447542073, -2.8270160792961825, 3.474638168747248, -8.541682284322132, 6.237082629484611, 0.07750061391446472],[-0.7937010895309964, 7.677622747035645, 4.760820062015442, 5.529039632757071, 8.450591097620027, -5.912783636976508, -5.678553868209846, 8.308402423126669, 3.5798489158982587, 9.705496432751623, 8.589379918167769, -3.472601356343721, 0.1326556000784489, -0.6030359019312073, 3.3748342692027684, 6.771980706447206]];biases=[9.54639930354983, 9.989254103533835, -2.6619409941521006, 4.397934352204713, 5.254872251499165, -5.273273835967293, 3.5415036250598604, -5.104814541308591, 2.2111830395414387, -5.934296207854636, 4.777521431061656, -1.0981348098981272, 1.6656586893532506, 5.669435413617855, -8.079954386546381, -2.174447077623876];activationFunc=ReLu}
layer2: Layer{weights=[[-6.469865926729586, -2.6032703292134185, -3.9598318080858963, 3.7514491157598844, 1.509897432595352, 5.632663153534878, -7.185513286467988, -4.199751660353989, 5.193534163092224, 5.118367162970664, 0.49659272566803203, 8.924253873955575, -3.605028777539962, -2.5387413658108304, 1.5368758822475375, 4.9441200324065075]];biases=[-8.10931057938907];activationFunc=Sigmoid}
]
}
NeuralNetwork{
Number_of_neurons: [5,16,16,1]
layers:
[layer0: Layer{weights=[[3.5048841943693922, 2.130471906164013, 9.305191799034041, 8.053291025149637, -0.7373980443441237],[9.002617065194848, 3.8812713285030505, 6.924405337897895, 5.73010500770571, 8.947282929185711],[5.280648506517792, -3.4122231117767505, 4.048833496581652, 5.945293551670625, 0.7420152166883867],[-7.415772167882777, -2.1482665385272686, -7.137300420011796, -2.311260348226069, 8.04945418448526],[8.86517166155517, 0.03520192822748669, 4.9679274265771305, 4.136399954436879, 1.7244363100193567],[-4.2004348787958605, 3.830705257460181, 5.193325693835453, 5.78994893790477, -9.109740377344902],[4.690171212087877, -1.61164290909859, 0.14460863374129218, 3.038890705540073, -1.6410825761737868],[-2.4065321250166853, -3.638348931455737, 2.9276944499377926, -9.082868263013811, 9.703918605340455],[0.038383925559006826, -1.5670292121346456, -8.755838264441584, -6.429458532576035, 8.804990872575697],[0.15807152001993963, -5.980796724185082, -8.545987940618547, 1.699009748882851, -1.8251519300547177],[3.560037456019307, 7.364661165792143, -1.4757307413379692, 7.33796197814716, 5.1819693825288144],[-1.7935787177514424, 8.800360301319007, 1.631658987594239, 3.0947723168444448, 2.8817533119095096],[7.186061406648378, -4.08942062867591, -0.04446628256147278, 4.377705513083965, 2.5023340287006572],[9.262337597220263, -0.8135871506490293, 0.3415237698121736, -0.4452855515460783, -8.645908043201388],[7.748352336535643, 8.767517103770583, -8.65639845763994, 9.383686579218416, -0.7311906072370693],[-2.844837306100507, 2.5751626841299604, 7.391004319301363, 5.253614500726906, -4.138276963088037]];biases=[-1.8722351035471263, 7.193529256723501, -4.429909746921512, -0.6390888132882573, 1.1561793039344366, 9.844609433907028, 8.470591487012356, -7.267552008838985, -8.49688118070735, -3.870934627571094, -4.86733013143567, 9.795755974843395, -9.892807397523914, 7.5127614835292285, -5.975916135021533, 5.363167787454003];activationFunc=ReLu}
layer1: Layer{weights=[[5.740897897605084, -3.361441790943987, 6.357916267094794, 5.380372262686867, 6.681794447463719, 4.761823039850091, 5.485089729856034, 3.2269725874690547, 1.8145504001499226, -7.555523160737739, 0.2785993007571559, -3.301531051403823, -0.06078145793064316, -0.6226720504864307, -0.9844062928085897, 5.946135383388233],[-4.859611422889496, -0.6237835287877687, 9.762249562300617, -9.456557472347768, 4.069808576013214, 7.39829362454714, -1.2978330310074622, 4.109650857496241, 5.243693665688626, 9.671727645885696, -5.15145276632385, 7.816655446754048, -2.9410705111194835, -2.4867056588992797, -1.7031869215220965, 5.337010430319493],[1.126729600028657, -2.922236968959293, 7.423873304442267, -2.6509671343690178, -7.39310526922119, 2.596431066955528, 8.376003165355051, -2.182939782440485, -6.178195428030593, -7.927889503287164, -6.563858632797479, -2.569222584852861, -8.706410447404938, 0.9613176175303728, 1.2609016048327284, -5.193834034162361],[7.199148323797459, 3.543864182932033, -4.146961893486971, 8.441006675348788, 3.039367721165023, 4.911210763222634, 8.752712696737206, 4.053719528094501, 4.86608834655112, 5.751930538139137, 5.848062866793866, -7.1276021339883595, -5.11999231914984, -0.8365954651536853, -7.373618268537334, 8.513134971252576],[-9.419367578249156, -3.6053435148582818, 7.621527962012152, -5.412835200630985, 4.39380278081469, 8.741776410744858, 6.796537958580224, 4.430849373823747, -2.6907421585894493, -4.38289166602779, 9.755928892130605, 9.850425836569961, 6.858638682245651, 4.805317393666025, 7.731290447609197, 5.404032801571162],[-1.4289222535708497, -1.7870639359616654, 2.496952315468352, -8.848683822429964, -2.577409114898133, -1.6783671971683845, -4.005827512504649, 5.414193624069226, -0.9784917891743898, 3.5919567750494696, -9.854671945351754, -1.6693648218446597, -5.81221392887322, 3.612107884761965, -8.985304631515644, 6.8466069623856605],[6.228563946111844, -2.8595291619901246, 4.575810419623473, -7.7204057389507375, 1.4818700916012766, -0.10170814011676654, -4.762793992070713, 1.297064812860011, -9.405096577953822, 6.324672054273371, 0.7176184596673796, 3.020701021817283, -9.47714702033462, -8.903227673067919, -7.043096728324563, -3.18246696336754],[5.378753513235866, -3.072560613681392, 5.1421427562641, -3.8178778637935196, 8.434948176980399, 5.550941730566866, 2.7826966173791075, -9.041534184026546, -0.4999121527728896, 4.049014760967848, -7.911133243519462, -3.856016399522564, -7.735356232535258, 6.262036194774868, 3.3511880334248687, 0.567253744463379],[-5.047583500126233, 9.308285791551864, 1.210612629790699, 8.941353726464804, 0.8617948218785649, -0.8024344467723061, -4.7081333171104305, 1.9551920194154135, 4.386910318861453, 7.8222353069084996, 4.00438917940704, 9.452386182657754, 0.05942057823354929, -7.744740557292797, -8.07537085439267, 3.0268264132080596],[2.6510798571903607, 4.987973277213648, 4.908895834776132, -2.5999918771837427, 9.624774607338185, 2.4606579765088554, 1.9469240879605252, 5.884075336843001, 6.945845225596386, -9.766555956447142, 1.662215696108877, -6.105593986169784, 3.0231456675952924, -6.023530371229347, 2.151102394051282, -4.371129242497522],[7.940800653819828, 8.798608301821837, -6.275687392801852, 7.859688905892057, 7.251401542465871, -5.498180964818293, 3.6460083828296277, -4.102910512463687, 1.5079278097947206, -2.6095464784920797, 1.4908394644507066, -1.477741524730865, -8.206149149179318, 2.6395185168895203, 4.515028696164931, 1.0503416878528142],[-3.6259325054999936, 2.7986648389358777, -3.3291912514412525, -1.327451935493304, 1.1535426950996523, 3.809473963119407, 7.276263179234835, -4.160312310626444, 2.307268385239098, 6.339381899922479, -7.9964516555669825, 1.6877468113146055, -9.587869952830449, -0.3007535133868764, -5.706229760900241, 6.369401833318982],[-4.760175970512204, -3.8148731421960846, 7.559538667529459, -1.3563650942732526, 8.271422846276195, 1.9397176023093436, 5.065030170296707, -8.811088655682518, -5.1511766849575125, 5.856277689602006, 4.107037546344275, -3.1563454004884584, -2.9702425459603354, -6.745515287305843, -3.9122438342345927, 6.3410311722790915],[0.5416173859763092, 6.30502903931977, -5.239796664582956, -3.906654757403367, 3.946301735366262, 9.210284152962451, 9.00917326918243, 3.1946262442935485, 4.279382301297218, -8.308125804189931, 6.237686171816392, 4.048261159033352, 3.446430307841105, 7.597394200588269, -0.1885160965111794, 2.889821317435766],[5.303874054711134, -5.045884420827457, 8.566476265142104, -6.12293962889521, -5.378718073093891, 2.347643009777485, -9.617477415249699, -3.7761168317840488, 6.016504786177432, 6.269462186862182, -0.7989672447542073, -2.8270160792961825, 3.474638168747248, -8.541682284322132, 6.237082629484611, 2.8059029091496157],[-0.7937010895309964, 7.677622747035645, 4.760820062015442, 5.529039632757071, 4.3702379113932075, 2.5538255670519323, -5.678553868209846, 8.308402423126669, 3.5798489158982587, 9.705496432751623, 8.589379918167769, -3.1868538805106317, 0.1326556000784489, -0.6030359019312073, 3.3748342692027684, 3.643989576810956]];biases=[9.54639930354983, -4.608399853455614, -2.6619409941521006, 4.397934352204713, 5.254872251499165, -5.273273835967293, -0.51145206524488, -5.104814541308591, 2.2111830395414387, -5.934296207854636, 4.777521431061656, -1.0981348098981272, 1.6656586893532506, 5.669435413617855, -8.079954386546381, -2.174447077623876];activationFunc=ReLu}
layer2: Layer{weights=[[-6.469865926729586, -2.6032703292134185, -3.9598318080858963, 3.7514491157598844, 1.509897432595352, 5.632663153534878, -7.185513286467988, -4.199751660353989, 5.193534163092224, 4.329925158301489, 0.49659272566803203, 8.924253873955575, -3.605028777539962, -2.5387413658108304, 1.5368758822475375, 4.9441200324065075]];biases=[-8.10931057938907];activationFunc=Sigmoid}
]
}
NeuralNetwork{
Number_of_neurons: [5,16,16,1]
layers:
[layer0: Layer{weights=[[3.5048841943693922, 2.130471906164013, 9.305191799034041, 8.053291025149637, -0.7373980443441237],[9.002617065194848, 3.8812713285030505, 6.924405337897895, -2.6991400339452447, -2.2602290465493136],[5.280648506517792, -3.4122231117767505, 4.048833496581652, 5.945293551670625, 0.7420152166883867],[-7.415772167882777, 4.145836128923541, -7.137300420011796, -2.311260348226069, 8.04945418448526],[8.86517166155517, 0.03520192822748669, 6.545419740761044, 1.1946696700138038, 1.7244363100193567],[-5.869846628718749, 3.830705257460181, 5.193325693835453, 5.78994893790477, -9.109740377344902],[-6.350532542185241, -1.61164290909859, 0.14460863374129218, 3.038890705540073, 3.324836771076555],[-2.4065321250166853, -3.638348931455737, 2.9276944499377926, -9.082868263013811, 9.703918605340455],[0.038383925559006826, -1.5670292121346456, -8.755838264441584, -6.429458532576035, 8.804990872575697],[0.15807152001993963, -5.980796724185082, -8.545987940618547, 1.699009748882851, -1.8251519300547177],[3.560037456019307, 9.463667829291417, -1.4757307413379692, -7.773849733554661, 5.1819693825288144],[-1.7935787177514424, 8.800360301319007, 1.631658987594239, 3.0947723168444448, 2.8817533119095096],[7.186061406648378, -4.08942062867591, -5.506129056194958, 5.481429063962139, 2.5023340287006572],[9.262337597220263, -0.8135871506490293, 0.3415237698121736, -0.4452855515460783, -9.159918669353074],[7.748352336535643, 8.767517103770583, -8.65639845763994, 9.383686579218416, -0.7311906072370693],[-2.844837306100507, 0.026704626265063425, 7.391004319301363, 5.253614500726906, -4.138276963088037]];biases=[-1.8722351035471263, 4.781197031999502, -4.429909746921512, -0.6390888132882573, 1.1561793039344366, 9.844609433907028, 8.470591487012356, -7.267552008838985, -8.49688118070735, -3.870934627571094, -4.86733013143567, 4.945611341071263, -9.892807397523914, 7.5127614835292285, -5.975916135021533, 5.363167787454003];activationFunc=ReLu}
layer1: Layer{weights=[[5.4603669343877606, -3.361441790943987, 6.357916267094794, 5.380372262686867, 0.022753006305542556, 4.761823039850091, 3.3145799003873027, 3.2269725874690547, 4.442241793031529, -7.555523160737739, 0.2785993007571559, -3.301531051403823, -6.818940100594673, -0.6226720504864307, -0.9844062928085897, -8.324133631800416],[-4.859611422889496, -6.637186839939629, 9.762249562300617, -9.456557472347768, -1.050845953989219, 7.39829362454714, -1.2978330310074622, 4.109650857496241, 6.93274055283036, 9.671727645885696, -5.15145276632385, 7.816655446754048, -2.4243620562214785, -2.4867056588992797, -1.7031869215220965, 5.337010430319493],[1.126729600028657, -2.922236968959293, 7.423873304442267, -2.6509671343690178, 3.309475908369052, 2.596431066955528, 8.376003165355051, -2.182939782440485, -6.178195428030593, -3.8636801978340536, -6.563858632797479, -9.26903053434238, -8.706410447404938, 0.9613176175303728, 1.2609016048327284, 5.182891385572015],[7.199148323797459, 3.543864182932033, -4.146961893486971, -9.978485877795624, -3.8094792444079246, 4.911210763222634, 8.752712696737206, 4.053719528094501, 4.86608834655112, 8.093159543698455, 5.848062866793866, -7.1276021339883595, -1.4133990833650358, -0.8365954651536853, -7.373618268537334, 8.513134971252576],[-6.927424469357271, -3.6053435148582818, 0.4486237378008546, -5.412835200630985, 4.39380278081469, -3.2739787326124077, 6.796537958580224, 4.430849373823747, -2.6907421585894493, -4.38289166602779, 9.755928892130605, 9.850425836569961, 6.9957905965898775, 4.805317393666025, -4.971730117216866, 5.404032801571162],[-2.5225505657472684, -1.7870639359616654, 2.0954322555693654, -8.848683822429964, -2.577409114898133, -1.6783671971683845, -4.005827512504649, 5.414193624069226, -0.9784917891743898, 3.5919567750494696, -9.854671945351754, -6.4618711857077615, -5.81221392887322, 3.612107884761965, -8.985304631515644, 6.8466069623856605],[6.228563946111844, -2.8595291619901246, 4.575810419623473, -7.7204057389507375, 1.4818700916012766, -0.10170814011676654, -4.762793992070713, 1.297064812860011, -9.405096577953822, 6.324672054273371, 0.7176184596673796, 3.020701021817283, -9.47714702033462, -8.903227673067919, -7.043096728324563, -3.18246696336754],[5.378753513235866, -3.072560613681392, 5.1421427562641, -7.591081706671224, 8.434948176980399, 5.550941730566866, 2.7826966173791075, -9.041534184026546, -8.83687301080588, -5.074346191517329, -7.911133243519462, -3.856016399522564, -7.735356232535258, 0.45451917799232433, 3.3511880334248687, 0.567253744463379],[-5.047583500126233, 9.308285791551864, 1.210612629790699, 8.941353726464804, -2.9413929747035983, -0.8024344467723061, -4.7081333171104305, 1.9551920194154135, 6.171614645434943, 7.8222353069084996, 4.00438917940704, 9.452386182657754, 0.05942057823354929, -7.744740557292797, 0.1466552095860898, -1.5438305683834699],[2.6510798571903607, 4.987973277213648, 4.908895834776132, -2.5999918771837427, 4.883279705748862, 2.4606579765088554, 1.9469240879605252, 5.884075336843001, 6.945845225596386, -9.766555956447142, 1.662215696108877, -6.105593986169784, 3.0231456675952924, -6.023530371229347, 2.151102394051282, -4.371129242497522],[7.940800653819828, 8.798608301821837, -6.275687392801852, 7.859688905892057, 7.251401542465871, -5.498180964818293, 3.6460083828296277, -4.102910512463687, 1.5079278097947206, 4.7925829401090425, 1.4908394644507066, -1.477741524730865, -8.206149149179318, 2.6395185168895203, 4.515028696164931, 1.0503416878528142],[-3.6259325054999936, 2.7986648389358777, -3.3291912514412525, -1.327451935493304, 1.1535426950996523, 3.809473963119407, 7.276263179234835, -4.160312310626444, -6.911653254475705, 6.339381899922479, -7.9964516555669825, 1.6877468113146055, -9.587869952830449, -2.7136341171290574, -5.706229760900241, -6.680703989209338],[-4.760175970512204, 3.9843086443962417, 7.559538667529459, -1.3563650942732526, 8.271422846276195, 1.9397176023093436, 5.065030170296707, -8.811088655682518, -5.1511766849575125, 5.856277689602006, 4.107037546344275, -3.1563454004884584, -2.9702425459603354, -6.042962413849457, 6.540049762832606, 6.3410311722790915],[0.5416173859763092, 6.30502903931977, -5.239796664582956, -3.906654757403367, 3.946301735366262, 9.210284152962451, 9.00917326918243, 3.1946262442935485, 4.279382301297218, -8.308125804189931, 6.237686171816392, 4.048261159033352, 3.446430307841105, 6.56020680336513, -0.1885160965111794, 2.889821317435766],[5.303874054711134, -5.045884420827457, 8.566476265142104, 0.9943691996204596, -5.378718073093891, 2.347643009777485, -9.617477415249699, -3.7761168317840488, 6.016504786177432, 6.269462186862182, 1.8355137655051053, -2.8270160792961825, 3.474638168747248, -1.8760892530925428, 6.237082629484611, 2.8059029091496157],[-0.7937010895309964, 7.677622747035645, 4.760820062015442, 5.529039632757071, 4.3702379113932075, -5.912783636976508, -5.678553868209846, 8.308402423126669, 3.5798489158982587, 9.322002364671235, -2.5789997155616406, -3.1868538805106317, 0.1326556000784489, -0.6030359019312073, 3.3748342692027684, 3.643989576810956]];biases=[-2.9464554712490187, 9.989254103533835, -2.6619409941521006, 4.397934352204713, 5.254872251499165, 9.323200385201268, -0.51145206524488, 1.8056084660041165, 2.2111830395414387, -5.934296207854636, 4.777521431061656, -1.0981348098981272, 1.6656586893532506, 5.669435413617855, -8.079954386546381, -2.174447077623876];activationFunc=ReLu}
layer2: Layer{weights=[[-6.469865926729586, -2.6032703292134185, -3.9598318080858963, 3.7514491157598844, 5.694095584480349, 5.632663153534878, -7.185513286467988, -4.199751660353989, 5.193534163092224, 5.118367162970664, -8.129111276116962, 8.924253873955575, -3.605028777539962, -2.5387413658108304, 1.5368758822475375, 4.9441200324065075]];biases=[5.529845676626833];activationFunc=Sigmoid}
]
}
NeuralNetwork{
Number_of_neurons: [5,16,16,1]
layers:
[layer0: Layer{weights=[[3.5048841943693922, 2.130471906164013, -2.1452493919230475, 8.053291025149637, -0.7373980443441237],[9.002617065194848, 3.8812713285030505, 6.924405337897895, -2.6991400339452447, 8.947282929185711],[5.280648506517792, -3.4122231117767505, 4.048833496581652, 5.945293551670625, 0.3982419548604099],[-7.415772167882777, 4.145836128923541, -7.137300420011796, -2.311260348226069, 8.04945418448526],[8.86517166155517, 0.03520192822748669, 4.9679274265771305, 1.1946696700138038, 1.7244363100193567],[-5.869846628718749, 3.830705257460181, 5.193325693835453, 5.78994893790477, -9.109740377344902],[-8.315175180013991, -1.61164290909859, 0.14460863374129218, 3.038890705540073, 3.324836771076555],[-2.4065321250166853, -3.638348931455737, 2.9276944499377926, -9.082868263013811, 9.703918605340455],[0.038383925559006826, -1.5670292121346456, -8.755838264441584, -0.08323752620207259, 8.804990872575697],[0.15807152001993963, -5.980796724185082, -8.545987940618547, 1.699009748882851, -1.8251519300547177],[3.560037456019307, 7.364661165792143, 3.9501068584076204, 7.33796197814716, 5.1819693825288144],[-1.7935787177514424, 8.800360301319007, 1.631658987594239, 3.0947723168444448, 2.8817533119095096],[7.186061406648378, -4.08942062867591, -0.04446628256147278, 4.377705513083965, 2.5023340287006572],[9.262337597220263, -0.8135871506490293, 0.3415237698121736, -4.97500307960999, -8.645908043201388],[7.748352336535643, 8.767517103770583, -8.65639845763994, 9.383686579218416, -0.7311906072370693],[-7.831031982495508, 5.816327379150438, 7.391004319301363, 5.253614500726906, -4.138276963088037]];biases=[-1.8722351035471263, -2.201112705724446, -5.8250397325340835, -0.6390888132882573, 1.1561793039344366, 9.844609433907028, 8.470591487012356, -7.267552008838985, -8.49688118070735, -3.870934627571094, -4.86733013143567, 4.945611341071263, -9.892807397523914, 7.5127614835292285, -5.975916135021533, 5.363167787454003];activationFunc=ReLu}
layer1: Layer{weights=[[5.740897897605084, -3.361441790943987, 6.357916267094794, 5.380372262686867, 6.681794447463719, 4.761823039850091, 5.485089729856034, 3.2269725874690547, 1.8145504001499226, -7.555523160737739, 0.2785993007571559, -3.301531051403823, -6.818940100594673, -0.6226720504864307, -0.9844062928085897, 5.946135383388233],[-4.859611422889496, -0.6237835287877687, -1.774147041750263, -9.456557472347768, 4.069808576013214, 7.39829362454714, -1.2978330310074622, 4.109650857496241, 6.93274055283036, 9.671727645885696, -5.15145276632385, 7.816655446754048, -2.9410705111194835, -6.723032416446806, -1.7031869215220965, 5.337010430319493],[1.126729600028657, -2.922236968959293, 7.423873304442267, -2.6509671343690178, -7.39310526922119, 2.596431066955528, 8.376003165355051, -2.182939782440485, -6.178195428030593, -7.927889503287164, -6.563858632797479, -2.569222584852861, -4.893659335367239, 0.9613176175303728, 1.2609016048327284, 5.182891385572015],[-8.37105760170946, 3.543864182932033, -4.146961893486971, -9.978485877795624, -3.8094792444079246, 4.911210763222634, 8.752712696737206, 4.053719528094501, 8.60052071694166, 5.751930538139137, -1.3443089317067312, -7.1276021339883595, -1.4133990833650358, -0.8365954651536853, -2.288332560447481, 8.513134971252576],[-9.419367578249156, -3.6053435148582818, 0.4486237378008546, -5.412835200630985, -8.8373441282737, -3.2739787326124077, 6.796537958580224, 4.430849373823747, -2.6907421585894493, -4.38289166602779, 9.755928892130605, 9.850425836569961, 6.858638682245651, 4.805317393666025, -4.971730117216866, 5.404032801571162],[-1.4289222535708497, -1.7870639359616654, 2.0954322555693654, -8.848683822429964, -2.577409114898133, -1.6783671971683845, -4.005827512504649, 5.414193624069226, -0.9784917891743898, 3.5919567750494696, -9.854671945351754, -1.6693648218446597, -5.81221392887322, 3.612107884761965, -8.985304631515644, 6.8466069623856605],[6.228563946111844, -2.8595291619901246, 4.575810419623473, -7.7204057389507375, 1.4818700916012766, -0.10170814011676654, -4.762793992070713, 1.297064812860011, -9.405096577953822, 6.324672054273371, 0.7176184596673796, 3.020701021817283, -9.753948268951858, -8.903227673067919, 9.90422370572582, -3.18246696336754],[-4.113548984727342, -3.072560613681392, 7.324595741831764, -3.8178778637935196, 8.434948176980399, 5.550941730566866, -7.603799165739988, -9.041534184026546, 3.7668355109126495, 4.049014760967848, -7.911133243519462, -3.856016399522564, 4.35861015681138, 6.262036194774868, -2.4450505467542634, 0.567253744463379],[-5.047583500126233, 9.308285791551864, 1.210612629790699, 8.941353726464804, -7.202162640435519, -0.8024344467723061, -4.7081333171104305, -6.346615795039503, 6.171614645434943, 7.8222353069084996, 4.00438917940704, 9.452386182657754, 0.05942057823354929, -6.860437144060461, 0.1466552095860898, 3.0268264132080596],[2.6510798571903607, 4.987973277213648, 4.908895834776132, -2.5999918771837427, 9.624774607338185, 2.4606579765088554, -8.478018940836861, 5.884075336843001, 6.945845225596386, -9.766555956447142, 1.662215696108877, -6.105593986169784, 3.0231456675952924, -6.023530371229347, 2.151102394051282, -4.371129242497522],[7.940800653819828, 8.798608301821837, -6.275687392801852, 7.859688905892057, 7.251401542465871, -5.498180964818293, 3.6460083828296277, -4.102910512463687, 5.736135542512983, -2.6095464784920797, 1.4908394644507066, -1.477741524730865, -8.206149149179318, 2.6395185168895203, 4.515028696164931, 1.0503416878528142],[-3.6259325054999936, 2.7986648389358777, -3.3291912514412525, -8.808893598915153, 1.1535426950996523, 9.924854580645782, 7.276263179234835, -4.160312310626444, -6.911653254475705, 6.339381899922479, -7.9964516555669825, 1.6877468113146055, -6.521156646736226, -2.7136341171290574, -5.706229760900241, 6.907622150017492],[-4.760175970512204, 3.9843086443962417, 7.559538667529459, -1.3563650942732526, 8.271422846276195, 1.9397176023093436, -8.34035578285368, -8.811088655682518, -5.1511766849575125, 5.856277689602006, 4.107037546344275, -3.1563454004884584, -2.9702425459603354, -6.745515287305843, -3.9122438342345927, 6.3410311722790915],[0.5416173859763092, 6.30502903931977, -5.239796664582956, -3.906654757403367, 3.946301735366262, 9.210284152962451, 9.00917326918243, 3.1946262442935485, 4.279382301297218, -8.308125804189931, 6.237686171816392, 4.048261159033352, 3.446430307841105, -3.906759172973741, -0.1885160965111794, 2.889821317435766],[5.303874054711134, -6.792126712410367, 8.566476265142104, -3.036497425585054, -5.378718073093891, 2.347643009777485, -9.617477415249699, -3.7761168317840488, 6.016504786177432, 6.269462186862182, -3.1811588225803415, -2.8270160792961825, 3.474638168747248, -8.541682284322132, 6.237082629484611, 2.8059029091496157],[-0.7937010895309964, 7.677622747035645, 4.760820062015442, 5.529039632757071, 4.3702379113932075, -5.912783636976508, -5.678553868209846, 8.308402423126669, 3.5798489158982587, 9.705496432751623, 8.589379918167769, -3.1868538805106317, 0.1326556000784489, -0.6030359019312073, 3.3748342692027684, 3.643989576810956]];biases=[9.54639930354983, 3.034537803223822, -2.6619409941521006, 4.397934352204713, 5.254872251499165, -5.273273835967293, -0.51145206524488, -5.104814541308591, 2.2111830395414387, -5.934296207854636, 4.777521431061656, -1.0981348098981272, 1.6656586893532506, 5.669435413617855, -8.079954386546381, -2.174447077623876];activationFunc=ReLu}
layer2: Layer{weights=[[-6.469865926729586, -2.6032703292134185, -3.9598318080858963, 3.7514491157598844, 1.509897432595352, 5.632663153534878, -4.064751681515817, -4.199751660353989, 5.193534163092224, 5.118367162970664, 0.49659272566803203, 8.924253873955575, 4.532804569418591, -2.5387413658108304, 1.5368758822475375, 4.9441200324065075]];biases=[-8.10931057938907];activationFunc=Sigmoid}
]
}
NeuralNetwork{
Number_of_neurons: [5,16,16,1]
layers:
[layer0: Layer{weights=[[3.5048841943693922, 2.130471906164013, 3.133573144496939, 8.053291025149637, -0.7373980443441237],[9.002617065194848, 3.8812713285030505, 6.924405337897895, -2.6991400339452447, 8.947282929185711],[5.280648506517792, 8.015649343438888, 4.048833496581652, 5.945293551670625, 0.7420152166883867],[3.99226725937816, 2.9671097429620445, -7.137300420011796, -2.311260348226069, 8.04945418448526],[8.86517166155517, 0.03520192822748669, 4.9679274265771305, 1.1946696700138038, 1.7244363100193567],[-5.869846628718749, 3.830705257460181, 5.193325693835453, 5.78994893790477, -9.109740377344902],[-6.350532542185241, -1.61164290909859, 0.14460863374129218, 3.038890705540073, 3.324836771076555],[-2.4065321250166853, -3.638348931455737, 2.9276944499377926, -9.082868263013811, 9.703918605340455],[0.038383925559006826, -1.5670292121346456, -8.755838264441584, -6.429458532576035, 8.804990872575697],[0.15807152001993963, -5.980796724185082, -8.545987940618547, 1.699009748882851, -1.8251519300547177],[3.560037456019307, 7.364661165792143, -1.4757307413379692, 7.33796197814716, 5.1819693825288144],[-1.7935787177514424, 8.800360301319007, 1.631658987594239, 3.0947723168444448, 2.8817533119095096],[-2.8470483991029827, -4.08942062867591, -0.04446628256147278, 4.377705513083965, 2.5023340287006572],[9.262337597220263, -0.8135871506490293, 0.3415237698121736, -0.4452855515460783, -8.645908043201388],[7.748352336535643, 8.767517103770583, -8.65639845763994, 9.383686579218416, -0.7311906072370693],[-2.844837306100507, 2.5751626841299604, 2.9435681938195586, 5.253614500726906, -4.138276963088037]];biases=[-1.8722351035471263, 7.193529256723501, -4.429909746921512, -0.6390888132882573, 1.1561793039344366, 6.801908866105563, 8.470591487012356, -0.2621068083764264, -8.49688118070735, -3.870934627571094, 7.65129968552716, 4.945611341071263, -9.892807397523914, -9.37381464824927, -5.975916135021533, -4.138943994054795];activationFunc=ReLu}
layer1: Layer{weights=[[5.740897897605084, -3.361441790943987, 6.357916267094794, 5.380372262686867, 6.681794447463719, 4.761823039850091, 5.485089729856034, 3.2269725874690547, 1.98624797771153, -7.555523160737739, 0.2785993007571559, -8.656098168217326, 5.676452985827098, -0.6226720504864307, -0.9844062928085897, 5.946135383388233],[-4.859611422889496, -0.6237835287877687, 9.762249562300617, -9.456557472347768, 4.069808576013214, 7.39829362454714, -1.2978330310074622, 4.109650857496241, -2.7132492455933317, 9.671727645885696, -5.15145276632385, 7.816655446754048, -2.9410705111194835, -2.4867056588992797, -1.7031869215220965, 5.337010430319493],[1.126729600028657, -2.922236968959293, 7.423873304442267, -2.6509671343690178, 9.386165669667484, 2.596431066955528, 3.6582340157634405, -2.182939782440485, -6.178195428030593, -7.927889503287164, -6.563858632797479, -2.569222584852861, -8.706410447404938, 0.9613176175303728, 1.2609016048327284, 5.182891385572015],[7.199148323797459, 3.543864182932033, -4.146961893486971, -9.978485877795624, -3.8094792444079246, 4.911210763222634, 8.752712696737206, 4.053719528094501, 4.86608834655112, 5.751930538139137, 5.848062866793866, -7.1276021339883595, -1.4133990833650358, 2.2600135146807947, -7.373618268537334, 8.513134971252576],[-9.419367578249156, -3.6053435148582818, 0.4486237378008546, -5.412835200630985, 4.39380278081469, -4.165823324327091, 6.796537958580224, 2.595795550788047, -2.6907421585894493, -4.38289166602779, 9.755928892130605, 9.850425836569961, 6.858638682245651, 4.805317393666025, -4.971730117216866, 5.404032801571162],[-1.4289222535708497, -1.7870639359616654, 2.0954322555693654, 3.244492337190941, -2.577409114898133, -9.531164810195925, -4.005827512504649, 5.414193624069226, -0.9784917891743898, 3.5919567750494696, -8.362075484083817, -1.6693648218446597, -5.81221392887322, 3.612107884761965, -8.985304631515644, 6.8466069623856605],[6.228563946111844, -2.8595291619901246, 4.575810419623473, -7.7204057389507375, 1.4818700916012766, -0.10170814011676654, -4.762793992070713, 1.297064812860011, -9.405096577953822, 6.324672054273371, 9.326865226952432, 3.020701021817283, -9.47714702033462, -8.903227673067919, -7.043096728324563, -3.18246696336754],[-7.32862568472874, -3.072560613681392, 5.1421427562641, -3.8178778637935196, 8.434948176980399, 5.550941730566866, 2.7826966173791075, -9.041534184026546, 3.7668355109126495, 9.750382435820207, -7.911133243519462, -3.856016399522564, -7.735356232535258, 6.262036194774868, 3.3511880334248687, 0.567253744463379],[-5.047583500126233, 9.308285791551864, 1.210612629790699, 8.941353726464804, 0.8617948218785649, -0.8024344467723061, -4.7081333171104305, 1.9551920194154135, -2.567390606463949, 7.8222353069084996, 4.00438917940704, 9.452386182657754, -4.9896057735339365, -7.744740557292797, 0.1466552095860898, 3.0268264132080596],[2.6510798571903607, 4.987973277213648, 4.908895834776132, -2.5999918771837427, 9.624774607338185, 2.4606579765088554, 1.9469240879605252, 5.884075336843001, 6.945845225596386, -9.766555956447142, 1.662215696108877, -6.756930921339245, 3.0231456675952924, -6.023530371229347, 2.151102394051282, -4.371129242497522],[7.940800653819828, 8.798608301821837, -6.275687392801852, -4.121967092323596, 7.251401542465871, -5.498180964818293, 5.376742444777015, -4.102910512463687, 1.5079278097947206, -2.6095464784920797, 1.4908394644507066, -1.477741524730865, -8.206149149179318, 2.6395185168895203, 4.515028696164931, 1.0503416878528142],[-3.6259325054999936, 3.0301350618812695, -3.3291912514412525, -1.327451935493304, -7.2714325956759085, 3.809473963119407, 7.276263179234835, -4.160312310626444, -6.911653254475705, 0.06927822444029452, -7.9964516555669825, 1.6877468113146055, -9.587869952830449, -2.7136341171290574, -5.706229760900241, 6.369401833318982],[0.18771797374309607, 3.9843086443962417, 7.559538667529459, -1.3563650942732526, 8.271422846276195, 7.425184235805233, -7.1100779803748715, -8.811088655682518, -5.1511766849575125, 5.856277689602006, 4.107037546344275, -3.1563454004884584, -2.9702425459603354, -6.745515287305843, -3.9122438342345927, 6.3410311722790915],[0.5416173859763092, 6.30502903931977, -5.239796664582956, -3.906654757403367, 3.946301735366262, 9.210284152962451, 9.00917326918243, 3.1946262442935485, 4.279382301297218, -8.308125804189931, 7.720633437045478, 4.048261159033352, 3.446430307841105, 7.597394200588269, -0.1885160965111794, 2.889821317435766],[5.303874054711134, -5.045884420827457, 8.566476265142104, -3.036497425585054, -5.378718073093891, 2.347643009777485, -9.617477415249699, -3.7761168317840488, 6.016504786177432, -2.8783875666373104, -0.7989672447542073, -2.8270160792961825, 3.474638168747248, -8.541682284322132, 6.237082629484611, -3.409556263673754],[8.936690453947318, 7.677622747035645, 4.760820062015442, 5.529039632757071, 4.3702379113932075, -5.912783636976508, -5.678553868209846, 8.308402423126669, 3.8753986956313486, 9.705496432751623, 8.589379918167769, -3.1868538805106317, 0.1326556000784489, -0.6030359019312073, 3.3748342692027684, 3.643989576810956]];biases=[9.54639930354983, 9.989254103533835, -2.6619409941521006, 4.397934352204713, 5.254872251499165, -5.273273835967293, -0.51145206524488, -5.104814541308591, 2.2111830395414387, -5.934296207854636, 4.777521431061656, -1.0981348098981272, 1.6656586893532506, 5.669435413617855, -8.079954386546381, -2.174447077623876];activationFunc=ReLu}
layer2: Layer{weights=[[-6.469865926729586, -2.6032703292134185, -3.9598318080858963, 3.7514491157598844, 1.509897432595352, -9.91213703092155, -7.185513286467988, -4.199751660353989, 5.193534163092224, 4.779261311510712, 0.49659272566803203, 8.924253873955575, -3.605028777539962, -9.644596116926689, 3.0162727424380336, 4.9441200324065075]];biases=[-8.10931057938907];activationFunc=Sigmoid}
]
}
NeuralNetwork{
Number_of_neurons: [5,16,16,1]
layers:
[layer0: Layer{weights=[[3.5048841943693922, 2.130471906164013, 9.305191799034041, 8.053291025149637, -0.7373980443441237],[9.002617065194848, 4.86259629392109, 6.924405337897895, -2.6991400339452447, 8.947282929185711],[5.280648506517792, -3.4122231117767505, -2.134159663186561, 5.945293551670625, -8.873315322680133],[-7.415772167882777, 4.145836128923541, -7.137300420011796, 8.795206042741398, 8.04945418448526],[8.86517166155517, 0.03520192822748669, 4.9679274265771305, 1.1946696700138038, 0.147629328635837],[-5.558556374352117, 3.830705257460181, 5.193325693835453, 5.78994893790477, -9.109740377344902],[-6.350532542185241, -1.61164290909859, 0.14460863374129218, 3.038890705540073, -3.522203148577754],[-2.4065321250166853, -3.638348931455737, 2.9276944499377926, -9.082868263013811, 9.703918605340455],[0.038383925559006826, -1.5670292121346456, -8.755838264441584, -6.429458532576035, 8.804990872575697],[0.15807152001993963, -5.980796724185082, -8.545987940618547, 1.699009748882851, -6.639866514423309],[3.560037456019307, 7.364661165792143, -1.4757307413379692, 7.33796197814716, 5.1819693825288144],[-1.7935787177514424, 8.800360301319007, 1.631658987594239, 3.0947723168444448, 2.8817533119095096],[7.186061406648378, -4.08942062867591, -0.7673364792252251, 4.377705513083965, 2.5023340287006572],[9.262337597220263, -0.8135871506490293, 6.794656818755097, -0.4452855515460783, -8.645908043201388],[7.748352336535643, 4.751252426188422, 9.009600999558081, -2.9689030070634352, -0.7311906072370693],[-2.844837306100507, 2.5751626841299604, 7.391004319301363, 5.253614500726906, -4.138276963088037]];biases=[-1.8722351035471263, 7.193529256723501, -4.429909746921512, -0.6390888132882573, 1.1561793039344366, 9.844609433907028, 8.470591487012356, 1.7114016357212485, -8.49688118070735, -3.870934627571094, -4.86733013143567, 4.945611341071263, -9.892807397523914, 7.5127614835292285, 1.5158105005272269, 5.363167787454003];activationFunc=ReLu}
layer1: Layer{weights=[[5.740897897605084, -3.361441790943987, 6.357916267094794, 5.380372262686867, 6.681794447463719, 4.761823039850091, 5.485089729856034, 3.2269725874690547, 1.8145504001499226, -7.555523160737739, 0.2785993007571559, -4.649050976126022, -6.818940100594673, -0.6226720504864307, 6.450564422993228, 5.946135383388233],[-4.859611422889496, -0.6237835287877687, 9.762249562300617, -9.456557472347768, 4.069808576013214, 7.39829362454714, -1.2978330310074622, 4.109650857496241, 3.915652442584074, 9.671727645885696, -5.15145276632385, 7.816655446754048, -2.9410705111194835, -2.4867056588992797, 2.510264630604876, 5.337010430319493],[-3.5060795082027933, -2.922236968959293, 1.7982342748985616, -2.6509671343690178, -7.39310526922119, 2.596431066955528, 8.376003165355051, -2.182939782440485, -6.178195428030593, -7.927889503287164, -6.563858632797479, -2.569222584852861, -8.706410447404938, 0.9613176175303728, 1.2609016048327284, 5.182891385572015],[7.199148323797459, 3.543864182932033, -4.146961893486971, -9.978485877795624, -3.8094792444079246, 4.911210763222634, 8.752712696737206, 4.053719528094501, 4.86608834655112, 5.751930538139137, 5.848062866793866, -7.1276021339883595, -1.4133990833650358, -0.8365954651536853, -7.373618268537334, 7.530227239741723],[-9.419367578249156, -3.6053435148582818, 0.4486237378008546, -5.412835200630985, 4.39380278081469, -3.2739787326124077, 6.796537958580224, 4.430849373823747, -2.6907421585894493, -4.38289166602779, 9.755928892130605, 9.850425836569961, 6.858638682245651, -1.2305440683207625, -4.971730117216866, 5.404032801571162],[-1.4289222535708497, -1.7870639359616654, 2.0954322555693654, -8.848683822429964, -2.577409114898133, -1.6783671971683845, -4.005827512504649, 5.414193624069226, -0.9784917891743898, 3.5919567750494696, -9.854671945351754, -1.6693648218446597, -5.81221392887322, 3.612107884761965, -8.985304631515644, 6.8466069623856605],[6.228563946111844, -2.8595291619901246, 4.575810419623473, -7.7204057389507375, 1.4818700916012766, 7.197939225671249, -4.762793992070713, 1.297064812860011, -9.405096577953822, 6.324672054273371, 0.7176184596673796, 3.020701021817283, -9.47714702033462, -8.903227673067919, -7.043096728324563, -7.199915571021849],[5.378753513235866, -3.072560613681392, 5.1421427562641, -3.8178778637935196, 8.434948176980399, 5.550941730566866, 2.7826966173791075, 0.611525504580392, 3.7668355109126495, 4.049014760967848, -7.911133243519462, -3.856016399522564, -7.735356232535258, 6.262036194774868, 3.3511880334248687, 0.567253744463379],[-6.646299787818202, 9.308285791551864, 1.210612629790699, -4.24651893272628, 0.8617948218785649, -0.8024344467723061, -4.7081333171104305, 1.9551920194154135, 6.171614645434943, 7.8222353069084996, 4.00438917940704, 9.452386182657754, 0.05942057823354929, -7.744740557292797, 0.1466552095860898, 3.0268264132080596],[2.6510798571903607, 4.987973277213648, 4.908895834776132, -2.5999918771837427, -2.6850753389099014, 2.4606579765088554, 1.9469240879605252, 5.884075336843001, 6.945845225596386, -9.766555956447142, 1.662215696108877, -6.105593986169784, 3.0231456675952924, -6.023530371229347, 2.151102394051282, -4.371129242497522],[7.940800653819828, -6.384022626580941, -6.275687392801852, 7.859688905892057, 7.251401542465871, -5.498180964818293, 3.6460083828296277, -4.102910512463687, 1.5079278097947206, -2.6095464784920797, 1.4908394644507066, -1.477741524730865, -8.206149149179318, 2.6395185168895203, 4.515028696164931, 1.0503416878528142],[-3.6259325054999936, 2.7986648389358777, -3.3291912514412525, -1.327451935493304, 7.666332710378313, 3.809473963119407, 7.276263179234835, -4.160312310626444, -6.911653254475705, 6.339381899922479, -7.9964516555669825, 6.483148148646656, -9.587869952830449, -2.7136341171290574, -5.706229760900241, 6.369401833318982],[-4.760175970512204, 3.9843086443962417, 7.559538667529459, -1.3563650942732526, 8.271422846276195, 1.9397176023093436, 5.065030170296707, -8.811088655682518, -5.1511766849575125, 5.856277689602006, 4.858262908745212, -3.1563454004884584, -2.9702425459603354, -6.745515287305843, -3.9122438342345927, 6.3410311722790915],[0.5416173859763092, 6.30502903931977, -5.239796664582956, -6.194379458577879, 3.946301735366262, 4.541342987432236, 9.00917326918243, 3.1946262442935485, -9.483913314224143, 5.160897375715754, 6.237686171816392, 4.048261159033352, 3.446430307841105, 7.597394200588269, -0.1885160965111794, 2.889821317435766],[5.303874054711134, -5.045884420827457, 8.566476265142104, -3.036497425585054, -5.378718073093891, 2.347643009777485, -9.617477415249699, -3.7761168317840488, 6.016504786177432, 6.269462186862182, -0.7989672447542073, -2.8270160792961825, 3.474638168747248, -8.541682284322132, 6.237082629484611, 2.8059029091496157],[-0.7937010895309964, 7.677622747035645, 4.760820062015442, 5.529039632757071, 4.3702379113932075, -5.912783636976508, -5.678553868209846, 8.308402423126669, -6.601304746044486, 9.705496432751623, 8.589379918167769, -3.1868538805106317, 0.1326556000784489, -0.6030359019312073, 3.3748342692027684, 3.643989576810956]];biases=[9.54639930354983, 9.989254103533835, -2.6619409941521006, 4.397934352204713, 5.254872251499165, -5.273273835967293, -0.51145206524488, -5.104814541308591, 2.2111830395414387, -5.934296207854636, 4.777521431061656, -1.0981348098981272, -5.975793620437583, 5.669435413617855, -8.079954386546381, -2.174447077623876];activationFunc=ReLu}
layer2: Layer{weights=[[-6.469865926729586, -2.6032703292134185, -3.9598318080858963, 3.7514491157598844, 1.509897432595352, 5.632663153534878, -7.185513286467988, -4.199751660353989, 5.193534163092224, 5.118367162970664, 7.606009047598835, 8.924253873955575, -3.605028777539962, -2.5387413658108304, 1.5368758822475375, 4.9441200324065075]];biases=[-8.10931057938907];activationFunc=Sigmoid}
]
}
NeuralNetwork{
Number_of_neurons: [5,16,16,1]
layers:
[layer0: Layer{weights=[[9.71715199654492, 2.130471906164013, 9.305191799034041, 8.053291025149637, -0.7373980443441237],[9.002617065194848, 3.8812713285030505, 6.924405337897895, -2.6991400339452447, 8.947282929185711],[5.280648506517792, -3.4122231117767505, 4.048833496581652, 5.945293551670625, 0.7420152166883867],[-7.415772167882777, 4.145836128923541, -7.137300420011796, -2.311260348226069, 8.04945418448526],[8.86517166155517, 0.03520192822748669, 6.184956157186054, -4.696117447640617, 1.7244363100193567],[-5.869846628718749, 3.830705257460181, 9.825617726477244, 5.78994893790477, -9.109740377344902],[1.1799597839861224, -1.61164290909859, 0.14460863374129218, 3.038890705540073, 3.324836771076555],[-2.4065321250166853, -2.1667556715117904, 2.9276944499377926, -9.082868263013811, 9.703918605340455],[0.038383925559006826, -1.5670292121346456, -8.755838264441584, -6.429458532576035, 8.804990872575697],[1.7245584280792396, -5.980796724185082, -8.545987940618547, 1.699009748882851, -1.8251519300547177],[3.560037456019307, 7.364661165792143, -1.4757307413379692, 7.33796197814716, 5.1819693825288144],[-1.7935787177514424, 8.800360301319007, 1.631658987594239, -3.322701405021351, 2.8817533119095096],[7.186061406648378, -1.4140357444720397, -0.04446628256147278, 4.377705513083965, 2.5023340287006572],[-5.7931539216198775, -0.8135871506490293, 0.3415237698121736, -0.4452855515460783, -8.645908043201388],[7.748352336535643, 8.767517103770583, -8.65639845763994, 9.383686579218416, -0.7311906072370693],[-2.844837306100507, 0.6379767234826019, 7.391004319301363, 5.253614500726906, -4.138276963088037]];biases=[-1.8722351035471263, -9.75576597863234, -4.429909746921512, -0.6390888132882573, 1.1561793039344366, 9.844609433907028, 8.470591487012356, -7.267552008838985, -8.49688118070735, -3.870934627571094, 2.802925111593444, 4.945611341071263, -9.892807397523914, 7.5127614835292285, -5.975916135021533, 5.363167787454003];activationFunc=ReLu}
layer1: Layer{weights=[[5.740897897605084, -3.361441790943987, 6.357916267094794, 5.380372262686867, 6.681794447463719, 4.761823039850091, 5.485089729856034, 3.2269725874690547, -6.98657831821472, -7.555523160737739, 0.2785993007571559, -3.301531051403823, -6.818940100594673, -0.6226720504864307, -4.34409725397704, 5.946135383388233],[-4.859611422889496, -0.6237835287877687, 9.762249562300617, -9.456557472347768, 4.069808576013214, 7.39829362454714, -1.2978330310074622, 4.109650857496241, 6.93274055283036, 9.671727645885696, -5.15145276632385, -0.24268715245529826, -2.9410705111194835, -2.4867056588992797, 0.11505706708469887, 5.337010430319493],[-7.461814377310296, 1.2656987775965085, 7.423873304442267, 5.365707103519551, -7.39310526922119, 2.596431066955528, 8.376003165355051, -2.182939782440485, -6.178195428030593, -7.927889503287164, -6.563858632797479, -2.569222584852861, -8.706410447404938, 0.9613176175303728, 1.2609016048327284, 5.182891385572015],[7.199148323797459, -3.30577954249506, -4.146961893486971, -9.978485877795624, -3.8094792444079246, 4.911210763222634, 8.752712696737206, 4.053719528094501, 4.86608834655112, 5.751930538139137, 5.848062866793866, -7.1276021339883595, -1.4133990833650358, -0.8365954651536853, -3.934124246315875, 8.513134971252576],[-9.419367578249156, -3.6053435148582818, 0.4486237378008546, -5.412835200630985, 4.39380278081469, -3.2739787326124077, 6.796537958580224, 4.430849373823747, -2.6907421585894493, -4.38289166602779, 9.755928892130605, 9.850425836569961, 6.858638682245651, 4.805317393666025, -4.971730117216866, 5.404032801571162],[-1.4289222535708497, -1.7870639359616654, 2.0954322555693654, -8.848683822429964, -2.577409114898133, -1.6783671971683845, -4.005827512504649, 5.414193624069226, -0.9784917891743898, 3.5919567750494696, -9.854671945351754, -1.6693648218446597, 3.496761956649433, 3.612107884761965, -8.985304631515644, 6.8466069623856605],[6.228563946111844, -2.8595291619901246, 4.575810419623473, -7.7204057389507375, 1.4818700916012766, -0.10170814011676654, -4.000254937629196, 1.297064812860011, -9.405096577953822, 6.324672054273371, 0.7176184596673796, 3.020701021817283, -9.47714702033462, -8.903227673067919, -7.043096728324563, -3.18246696336754],[5.378753513235866, -3.072560613681392, 5.1421427562641, -3.8178778637935196, 8.434948176980399, 5.550941730566866, 2.7826966173791075, -9.041534184026546, 3.7668355109126495, 4.049014760967848, 1.0392778805836311, -3.856016399522564, -7.735356232535258, 6.262036194774868, 3.3511880334248687, -9.534661880855367],[-5.047583500126233, 9.308285791551864, 1.210612629790699, 8.941353726464804, 0.8617948218785649, -0.8024344467723061, -4.7081333171104305, 1.9551920194154135, 6.171614645434943, 7.8222353069084996, 4.00438917940704, 9.452386182657754, 0.05942057823354929, -7.744740557292797, 0.1466552095860898, 3.0268264132080596],[2.6510798571903607, 4.987973277213648, 4.908895834776132, -2.5999918771837427, 9.624774607338185, 2.4606579765088554, 1.9469240879605252, 5.884075336843001, 6.945845225596386, -9.766555956447142, 1.662215696108877, -6.105593986169784, 3.0231456675952924, -6.023530371229347, -2.2239931427419464, -4.371129242497522],[7.940800653819828, 8.798608301821837, -6.275687392801852, -5.908705860556422, 3.3145710004967643, -5.498180964818293, 3.6460083828296277, -6.907416258067755, 1.5079278097947206, -8.869089768376226, 1.4908394644507066, -1.477741524730865, -8.206149149179318, 2.6395185168895203, 4.515028696164931, 1.0503416878528142],[-3.6259325054999936, 2.7986648389358777, -3.3291912514412525, -1.327451935493304, 1.1535426950996523, 3.809473963119407, 7.276263179234835, -4.160312310626444, -6.911653254475705, 6.339381899922479, -7.9964516555669825, 1.6877468113146055, -9.587869952830449, -2.7136341171290574, -5.706229760900241, 6.369401833318982],[-4.760175970512204, -4.174893296307869, 7.559538667529459, -1.3563650942732526, 8.271422846276195, -9.4965658568871, 5.065030170296707, -8.811088655682518, -5.1511766849575125, 5.856277689602006, 4.107037546344275, -3.1563454004884584, -2.9702425459603354, -6.745515287305843, -3.9122438342345927, 6.3410311722790915],[0.5416173859763092, 6.30502903931977, -5.239796664582956, -3.906654757403367, 3.946301735366262, 9.210284152962451, 9.00917326918243, 3.1946262442935485, 4.279382301297218, -1.6447710907114672, 6.237686171816392, 4.048261159033352, 3.446430307841105, 7.597394200588269, -3.826188891500067, 2.889821317435766],[5.303874054711134, -5.045884420827457, 8.566476265142104, -3.036497425585054, -5.378718073093891, 2.347643009777485, -9.617477415249699, -3.7761168317840488, 6.016504786177432, 6.269462186862182, -0.7989672447542073, -2.8270160792961825, 3.474638168747248, -8.541682284322132, 6.237082629484611, 2.8059029091496157],[-0.7937010895309964, -9.514668307722143, 4.760820062015442, 5.529039632757071, 4.3702379113932075, 1.6601656163075198, -5.678553868209846, 8.308402423126669, 3.5798489158982587, 9.705496432751623, 8.589379918167769, 6.153616168239388, 0.1326556000784489, -0.6030359019312073, 3.3748342692027684, 3.643989576810956]];biases=[9.54639930354983, 9.989254103533835, -2.6619409941521006, 4.397934352204713, 5.254872251499165, -5.273273835967293, -0.51145206524488, -5.104814541308591, 2.2111830395414387, -5.934296207854636, -5.93616119547166, -1.0981348098981272, 1.6656586893532506, 5.669435413617855, -8.079954386546381, -2.174447077623876];activationFunc=ReLu}
layer2: Layer{weights=[[-6.469865926729586, -2.6032703292134185, -3.9598318080858963, 3.7514491157598844, 1.509897432595352, 5.632663153534878, -7.185513286467988, -4.199751660353989, 5.193534163092224, 5.118367162970664, 0.49659272566803203, 8.924253873955575, -3.605028777539962, -2.5387413658108304, 5.876458914171085, 4.9441200324065075]];biases=[-8.10931057938907];activationFunc=Sigmoid}
]
}
NeuralNetwork{
Number_of_neurons: [5,16,16,1]
layers:
[layer0: Layer{weights=[[-2.7431386976801564, 2.130471906164013, 9.305191799034041, 8.053291025149637, -0.7373980443441237],[9.002617065194848, 3.8812713285030505, 6.924405337897895, -2.6991400339452447, 8.947282929185711],[5.280648506517792, -3.4122231117767505, 4.048833496581652, 5.945293551670625, 0.7420152166883867],[-7.415772167882777, 4.145836128923541, -7.137300420011796, -2.311260348226069, 8.04945418448526],[8.86517166155517, 0.03520192822748669, 4.9679274265771305, 1.7311514093015212, 1.7244363100193567],[-5.869846628718749, 8.420825997575118, 5.193325693835453, 5.78994893790477, -9.109740377344902],[-6.350532542185241, -1.61164290909859, 0.14460863374129218, 3.038890705540073, 3.324836771076555],[-2.4065321250166853, -3.638348931455737, 2.9276944499377926, -9.082868263013811, 9.703918605340455],[0.038383925559006826, -1.5670292121346456, -8.755838264441584, -6.429458532576035, 8.804990872575697],[0.15807152001993963, 3.5550550071169944, 4.3106945245515895, 1.699009748882851, -1.8251519300547177],[3.560037456019307, 7.364661165792143, -1.4757307413379692, 7.33796197814716, 5.1819693825288144],[-1.7935787177514424, 8.800360301319007, -3.896571104836923, 3.0947723168444448, 2.8817533119095096],[-6.509818995750523, -4.08942062867591, -0.04446628256147278, 4.377705513083965, -7.271667013747225],[9.262337597220263, -0.8135871506490293, 0.3415237698121736, -0.4452855515460783, -8.645908043201388],[7.748352336535643, 8.767517103770583, -8.65639845763994, 9.383686579218416, -0.7311906072370693],[-2.844837306100507, 2.5751626841299604, 7.391004319301363, 5.253614500726906, -4.138276963088037]];biases=[-1.8722351035471263, -8.0428997448353, -4.429909746921512, -0.6390888132882573, 1.1561793039344366, 9.844609433907028, 8.470591487012356, -7.267552008838985, -8.49688118070735, -3.870934627571094, -4.86733013143567, 4.945611341071263, -9.892807397523914, 7.5127614835292285, -5.975916135021533, 5.363167787454003];activationFunc=ReLu}
layer1: Layer{weights=[[5.740897897605084, -3.361441790943987, 6.357916267094794, 5.380372262686867, 6.681794447463719, 4.761823039850091, 5.485089729856034, 3.2269725874690547, 1.8145504001499226, -7.555523160737739, -1.1030053550993095, -3.301531051403823, -6.818940100594673, 3.458988803509664, -8.970052933097229, 5.946135383388233],[-4.859611422889496, -0.6237835287877687, 9.762249562300617, -9.456557472347768, 4.069808576013214, 7.39829362454714, -1.2978330310074622, 4.109650857496241, 6.93274055283036, 6.769970985831787, -5.15145276632385, 7.816655446754048, -2.9410705111194835, -2.4867056588992797, 9.389972107269987, 5.337010430319493],[1.126729600028657, -2.922236968959293, 7.423873304442267, -2.6509671343690178, -7.39310526922119, 2.596431066955528, 8.376003165355051, -2.182939782440485, -6.178195428030593, -7.927889503287164, -6.563858632797479, -0.4549974407850854, -8.706410447404938, 0.9613176175303728, 1.2609016048327284, 5.182891385572015],[7.199148323797459, 3.543864182932033, -4.146961893486971, -9.978485877795624, -3.8094792444079246, 4.911210763222634, 8.752712696737206, 4.053719528094501, 4.86608834655112, 5.751930538139137, 5.848062866793866, -7.1276021339883595, -6.954507730619845, -0.8365954651536853, -7.373618268537334, 8.513134971252576],[-9.419367578249156, -3.6053435148582818, 0.4486237378008546, -5.412835200630985, 4.39380278081469, -3.2739787326124077, 6.796537958580224, 4.430849373823747, -2.6907421585894493, -4.38289166602779, 9.755928892130605, 9.850425836569961, 6.858638682245651, 4.805317393666025, -0.8475919875860072, 5.404032801571162],[-1.4289222535708497, 0.4676552180474651, 2.0954322555693654, -8.848683822429964, -2.577409114898133, -1.6783671971683845, -4.005827512504649, 5.414193624069226, -0.9784917891743898, 3.5919567750494696, -9.854671945351754, -1.6693648218446597, -5.81221392887322, 3.612107884761965, -8.985304631515644, 6.8466069623856605],[-2.1888985318116605, -2.8595291619901246, 4.575810419623473, -7.7204057389507375, 1.4818700916012766, -0.10170814011676654, -4.762793992070713, 1.297064812860011, -9.405096577953822, 6.324672054273371, 0.7176184596673796, 3.020701021817283, -9.47714702033462, -8.903227673067919, -7.043096728324563, -3.18246696336754],[5.378753513235866, -3.072560613681392, 5.1421427562641, -3.8178778637935196, 8.434948176980399, 5.550941730566866, 2.7826966173791075, -9.041534184026546, 3.7668355109126495, 4.049014760967848, -7.911133243519462, -3.856016399522564, -7.735356232535258, 6.262036194774868, 3.3511880334248687, 0.567253744463379],[-5.047583500126233, 9.308285791551864, 1.210612629790699, 8.941353726464804, 0.8617948218785649, -0.3162081725739778, -4.7081333171104305, 1.9551920194154135, 6.171614645434943, 7.8222353069084996, 4.00438917940704, 9.452386182657754, 0.05942057823354929, -7.744740557292797, 0.1466552095860898, 3.0268264132080596],[2.6510798571903607, 4.987973277213648, 4.908895834776132, -2.5999918771837427, 6.910392873669547, 2.4606579765088554, -4.988708317202082, 5.884075336843001, 6.945845225596386, -9.766555956447142, 1.662215696108877, -6.105593986169784, 3.0231456675952924, -6.023530371229347, 2.151102394051282, -4.371129242497522],[7.940800653819828, 8.798608301821837, -6.275687392801852, 7.859688905892057, 7.251401542465871, -5.498180964818293, 4.277603140891102, -4.102910512463687, 1.5079278097947206, -2.6095464784920797, 1.4908394644507066, -1.477741524730865, -8.206149149179318, 1.8043396164160974, 4.515028696164931, 6.321214064275665],[-3.6259325054999936, 2.7986648389358777, -3.3291912514412525, -0.697882956572073, 1.1535426950996523, 3.809473963119407, 7.276263179234835, -4.160312310626444, -6.911653254475705, 6.339381899922479, -7.9964516555669825, 5.562552610925938, -9.587869952830449, -2.7136341171290574, -8.65341917811434, -0.07611930825813928],[-4.760175970512204, 3.9843086443962417, 7.559538667529459, -1.3563650942732526, 8.271422846276195, 1.9397176023093436, 5.065030170296707, -8.811088655682518, -5.1511766849575125, 5.856277689602006, 4.107037546344275, -3.1563454004884584, -2.9702425459603354, -6.745515287305843, -3.9122438342345927, 6.3410311722790915],[0.5416173859763092, 6.30502903931977, 8.272356017226826, -3.906654757403367, 3.946301735366262, 9.210284152962451, 9.00917326918243, 3.1946262442935485, 4.279382301297218, -8.308125804189931, 6.237686171816392, 4.048261159033352, 3.446430307841105, 7.597394200588269, -0.1885160965111794, 2.889821317435766],[5.303874054711134, -4.841018390630012, 8.566476265142104, 0.7287495110274662, -5.378718073093891, 2.347643009777485, -9.617477415249699, -3.7761168317840488, -3.2892567345416124, 6.269462186862182, -0.7989672447542073, -2.8270160792961825, 3.474638168747248, -8.541682284322132, 6.237082629484611, 2.8059029091496157],[-0.7937010895309964, 7.677622747035645, 4.760820062015442, 5.529039632757071, 4.3702379113932075, -5.912783636976508, -5.678553868209846, 8.308402423126669, 3.5798489158982587, 9.705496432751623, 8.589379918167769, -3.1868538805106317, 0.1326556000784489, -0.6030359019312073, 3.3748342692027684, 3.643989576810956]];biases=[9.54639930354983, 9.989254103533835, -2.6619409941521006, 4.397934352204713, 5.254872251499165, -5.273273835967293, -0.51145206524488, -5.104814541308591, -6.707120111750296, -5.934296207854636, 4.777521431061656, -1.0981348098981272, 1.6656586893532506, 5.669435413617855, -8.079954386546381, -2.174447077623876];activationFunc=ReLu}
layer2: Layer{weights=[[-6.469865926729586, -2.6032703292134185, 8.467541302097722, 1.8999928569203028, 1.509897432595352, 5.632663153534878, -7.185513286467988, -4.199751660353989, 5.193534163092224, 5.118367162970664, 0.49659272566803203, 8.924253873955575, -3.605028777539962, -2.5387413658108304, 1.5368758822475375, 4.9441200324065075]];biases=[-8.10931057938907];activationFunc=Sigmoid}
]
}