x= 290.0
generationNumber= 7
bestScore= 1162587
radius= 12.0
maxPipeX= 1060.0
floorY= 540.0
max_bias= 10.0
min_bias= -10.0
max_weight= 10.0
min_weight= -10.0
NeuralNetwork{
Number_of_neurons: [5,16,16,1]
layers:
[layer0: Layer{weights=[[-2.6232686142076016, -3.9584141111051707, 9.655767089076807, -4.917952290314274, 2.8619343414615486],[-9.854796100367007, -2.5911886852331616, -6.016891843832135, -7.172661605590191, -0.42114749363470594],[-0.6795721766243972, -6.777327770559709, 3.7444449248960012, 6.062733745634265, 6.433181662176629],[8.983121865928624, 4.992433309582875, -1.6046206555864462, 0.9858445648683762, 5.649258947438982],[-0.8594064029040744, -8.207780135146223, 0.4070623119770218, -2.1627097486926345, -6.919890084397262],[-6.123418270185255E-4, -5.461988608336186, 8.216619983435216, -0.49248535621540057, 0.7000299269318084],[4.492500220620318, -1.036588658400202, 1.5971439472687123, 9.04943509621215, -4.430662790803477],[-4.132433636823, 1.6170925560178553, 0.3521931642574927, 8.374703872806336, 2.6061660235903172],[-3.6164924364480067, 6.26448613499387, 2.194169463576369, 7.4401724784888685, -8.951220453644408],[-4.712875199020454, -7.33126627436768, -4.089126637389951, -1.4164092525811274, -3.4147792726043154],[5.939771234777439, 1.896139912254288, 6.296394148378564, 4.602264475526763, 0.20876298666468784],[-1.2461979057144141, 6.254647669336862, -8.369691222732424, -3.0293077008076814, -3.324386486319659],[-3.7821516475965637, -1.4626032534246942, 2.870594475656132, -5.978740401113287, 5.9706678159978726],[0.6180695526009572, 1.7822419664140945, 7.671478892901597, 3.9270782625552396, 3.5596246537129197],[-8.97979687402971, -5.0762014187749305, 4.816505080897937, 7.394139142278256, 2.778661628825631],[-8.934451604758387, -0.7496888127824448, 9.902186693810727, 2.8689717616092807, 9.572494684403377]];biases=[7.0885185961435155, -5.99790651309235, 3.5484000436248877, 7.047278182649961, -0.47208736377920246, -9.717544643473877, 8.862404661751128, -1.153580434426523, -7.468096193596267, -0.5247073619453229, 5.04478555821324, 0.39122274965003534, 3.483410443035188, -9.608061681991009, 8.440974696514502, 2.99541888062517];activationFunc=ReLu}
layer1: Layer{weights=[[-3.2145113635704163, 6.296132972454853, -1.0100165449871774, 1.9687562490241284, -1.8033464819691503, 6.245654429407516, 6.812491649158435, 8.420204694611925, 9.791040630768194, 9.725353093199068, -8.068109169660922, -7.430247055951433, -0.03828215483559916, -5.801615575864345, 0.4066234870707408, 2.7971938398673437],[5.316288751650717, 4.304096004584503, -2.4463254661119382, -1.1076584726094545, -4.252679747054373, -6.508251081662559, 6.161608955828612, -8.381382853985333, -0.996441384215137, -8.196387123137134, -9.958774444205908, 0.17751598354539766, -7.654320011327867, -8.51114375343457, 3.317387276328141, 2.635485382400841],[5.506593090841507, -9.242789590682186, 8.575235362822053, 1.9533485620569184, -9.073212439076627, 3.2429218832087603, 6.612149219095972, 1.6523583092199097, -9.77017421722606, -9.911181828907612, 1.8664646905362137, -1.8195149935485162, -9.26231996305515, 1.9389901637654638, -8.381809341957688, -0.7488963225792489],[9.270069169229888, -3.023025025578905, 2.9686090203587376, 0.6970298541942572, -5.359496064065537, 8.603355743393976, 7.045414239618417, 0.4053706343257666, -7.831046178123771, 9.731012945768803, 3.9762271268900147, 2.406471414584887, -3.721050566839212, -1.7758732385775033, -5.892004645747148, 5.513050283190497],[8.469229722586462, -7.174216068487029, 9.562451818257088, 3.7975429361047315, 7.721214123495301, 9.457996446806135, 5.633327470396935, 1.399098808680126, 2.4511499177601443, -2.2834083487224044, -3.87459611694635, 4.469890096954197, -1.13382814519996, -5.3974574105407775, 6.009882402596254, -5.053460006240917],[-9.82240065188391, 5.475634188239978, 4.158220425603137, -9.917706006617795, 3.832198778634348, -4.616168824663682, 3.4576334704538993, 3.1837638916098037, 6.750114339101366, 3.395044236258107, 3.9439061944278198, 7.402959834258191, 9.437983434490192, 8.668997539135756, 7.126177097200596, -1.3437495883686772],[-2.652115012867567, -5.961121728945475, -9.61610438264838, 3.168507427630953, 0.929963770759457, 9.448128277554332, -9.08159772507322, -6.0891587113437184, -3.5847157952990294, -0.43804231457083453, -1.4870047674370177, -1.8241080525380777, 9.410111266662518, 4.586767429003498, 1.0495450961871011, 4.839977729705767],[-3.822876527789112, -9.021839744139239, -2.3457947541782325, 7.63190269728717, 6.0467946506188, -1.04436695544039, 8.218289250440932, -9.721015189225621, -4.021711249874908, 9.823128918428669, 8.13904852946759, -4.364606751806754, -7.7555340802026755, 0.13960558103982557, 0.3653281767550318, -4.010339788237529],[-3.594858853977046, -8.113902154731075, -5.426106691289585, -4.2818976256971375, 4.160841628844054, -2.2203275293741793, -0.6040828455263476, 4.68307206994073, -9.322777467407924, -0.4947976901343374, 9.780376358561643, -5.866196721293213, -1.0354927764847943, 8.432469152114262, -6.296729476118708, 8.394836858991383],[1.8303245372281562, 3.191557224194268, -2.192476654639581, 2.7936720856744373, 8.44358339267109, -8.782531656683997, -9.938549908831963, 5.644588845609793, 4.526850871751943, -7.686245544730879, -6.051000493070364, -5.519063365327479, 7.6627521720689415, 1.138441064729978, 8.343934398657375, 4.603824980525641],[-6.742658194999171, 8.075646423680244, 3.992722755792414, -2.0145505972604187, -5.173287806799063, -1.7264481893645858, 5.311862628989523, -1.3341571363461409, -0.19435986822620777, -7.467825166934816, -4.065629374038777, -4.014647192446326, -9.546460070329378, -8.570969750134804, 4.746691262547444, 2.526315321581645],[9.64014550042323, 8.103810982478013, -8.676928765046227, 7.447039001131273, -5.334384818610194, -0.650049581747755, 9.26487700391139, -9.114938491961997, -2.888670911212383, -7.769585041241472, -5.786047680584043, -5.454449949297153, -5.433171875621461, 2.9257397743888447, -9.210180113944995, -1.1221639363957259],[-1.6244310122109482, 8.43236921432052, 1.8061220467078538, 2.3881177515772283, -0.5849820545026834, -9.191002113188258, -5.3912019081988145, 9.333489870760353, 4.772843014356011, 5.087960338852927, -9.911732928817539, 5.232970737816968, 6.607716880589315, -4.840185454424011, -1.8193058350503826, -0.7227258541514043],[-4.7564740556785035, 0.4020775306090041, 4.42264445799313, -4.522569790909905, 9.096264088457406, 5.7095999427734885, -4.107630083171873, -5.913370803349432, 7.879127652601902, -3.5673622179662328, -8.210971227909312, 6.107972463566842, -5.488213385689393, -4.285113363521454, 8.489234598145977, -7.105187750713711],[-2.2243508836604997, -7.043150161887322, 3.8795139195789297, -7.953666818006091, 1.3710598004655097, -6.208664237834953, -8.656438521454303, -6.896211577622189, 2.025388424268632, 1.291887550259263, 7.555449949484235, 7.867636666698306, 8.823827855128293, -0.2908808194496153, 9.285030213685069, 6.084955114419618],[4.375414822201609, 7.168265183686401, 2.0635507144384206, 2.5886078771673766, 3.027456694304604, -1.9560499790760382, 8.42837471104168, 5.750157775484542, -5.1194705708235455, 0.8032924762225306, 1.3154896971788688, 9.99194129671147, 8.388189740638701, 0.7639659013890849, 0.20441885999299636, -1.6463490443381374]];biases=[1.9297073635130282, -3.9363096898606393, 7.992115484529023, -0.12775876150995025, -3.6516702470043905, -9.42285160299723, -7.976981888740065, 9.278277736142567, -0.15386789738298035, -4.550464088177608, 3.708479945855423, 7.966672302432407, 5.978905442598922, -0.4072288407380569, 3.272521562012349, 5.180855987390753];activationFunc=ReLu}
layer2: Layer{weights=[[9.634878746892038, -3.855806608466872, -9.696091579705206, 9.370147794368282, -3.2910355884343767, -6.885888034601253, 2.241666148893046, 5.532682678097689, -2.003149040134165, -0.5898239657007327, 3.5690183359460015, -6.175080433541766, -6.825227902462303, -4.249632832142112, 2.0735299624092924, 5.581628542486845]];biases=[-8.738435268876918];activationFunc=Sigmoid}
]
}
NeuralNetwork{
Number_of_neurons: [5,16,16,1]
layers:
[layer0: Layer{weights=[[-2.6232686142076016, -3.9584141111051707, 9.655767089076807, -4.917952290314274, 2.8619343414615486],[-9.854796100367007, -2.5911886852331616, -6.016891843832135, -7.172661605590191, -0.42114749363470594],[-7.4288219656678685, -6.777327770559709, 3.7444449248960012, 6.062733745634265, 6.433181662176629],[-4.020877748885885, 4.992433309582875, -1.6046206555864462, 0.9858445648683762, 5.649258947438982],[-0.8594064029040744, -8.207780135146223, 0.4070623119770218, 8.799831770430448, -6.919890084397262],[-8.230377707956485, -5.461988608336186, 8.216619983435216, -2.538508835806022, 0.7000299269318084],[4.492500220620318, 1.2577123328961264, 1.5971439472687123, 0.9996267440166946, 8.24485386847276],[-4.132433636823, 1.6170925560178553, 0.3521931642574927, 4.819295629262266, 2.6061660235903172],[-3.6164924364480067, 6.26448613499387, 2.194169463576369, 7.4401724784888685, -8.951220453644408],[-0.06782571043304131, -7.33126627436768, -4.089126637389951, -1.4164092525811274, -3.4147792726043154],[5.939771234777439, 1.896139912254288, 7.270171723074952, 2.809880526456068, 0.20876298666468784],[-1.2461979057144141, 6.254647669336862, -7.310733499277875, -3.0293077008076814, -3.324386486319659],[-3.7821516475965637, -1.4626032534246942, 2.870594475656132, -5.978740401113287, 5.9706678159978726],[0.6180695526009572, -6.0422960281404725, 7.671478892901597, 3.9270782625552396, 3.5596246537129197],[4.10350370699517, -5.0762014187749305, 8.855196444514508, 7.394139142278256, 2.778661628825631],[-8.934451604758387, -0.7496888127824448, -5.574252303564034, 2.8689717616092807, 9.572494684403377]];biases=[-9.789043400213371, -5.99790651309235, 0.3555255982350971, 7.047278182649961, -6.599369707521944, -9.717544643473877, 8.862404661751128, -1.153580434426523, -7.468096193596267, -7.678161238228272, 5.04478555821324, 0.39122274965003534, -6.109380342772055, -9.608061681991009, 4.1896985318349085, 2.99541888062517];activationFunc=ReLu}
layer1: Layer{weights=[[-3.2145113635704163, 3.171421452029488, -1.0100165449871774, 1.9687562490241284, -1.8033464819691503, 5.81379947514754, 6.812491649158435, 8.420204694611925, 9.791040630768194, 7.984496667691509, -8.068109169660922, -0.26735145574505914, -2.262333945100634, -5.801615575864345, 0.4066234870707408, 2.7971938398673437],[5.316288751650717, 4.304096004584503, -2.4463254661119382, 1.222996394979134, -4.252679747054373, -6.508251081662559, 6.161608955828612, -8.381382853985333, 9.82713484626283, -8.196387123137134, -9.958774444205908, -7.865538872697222, -7.654320011327867, -8.51114375343457, 3.317387276328141, 2.635485382400841],[5.506593090841507, -9.242789590682186, 8.575235362822053, 0.1564126836409212, -9.073212439076627, -6.605533207081498, 6.612149219095972, 1.6523583092199097, -9.77017421722606, -1.4574629800362633, 1.8664646905362137, -1.8195149935485162, -9.26231996305515, 1.9389901637654638, 8.424349075453307, -0.7488963225792489],[9.270069169229888, -3.023025025578905, 2.9686090203587376, 0.6970298541942572, -6.289544797940829, -4.399662179086661, 7.045414239618417, 0.4053706343257666, -7.831046178123771, 9.731012945768803, 3.9762271268900147, 2.406471414584887, -3.721050566839212, -1.7758732385775033, -5.5311977545717035, 5.513050283190497],[8.469229722586462, -7.174216068487029, -5.179749713310904, 3.7975429361047315, 7.721214123495301, 9.457996446806135, 5.784077335751814, 1.399098808680126, 2.4511499177601443, -3.906882521713724, -3.87459611694635, 4.469890096954197, -1.13382814519996, -5.3974574105407775, 6.009882402596254, -5.053460006240917],[-9.82240065188391, 5.475634188239978, 4.158220425603137, -9.399590315684154, 3.832198778634348, -4.616168824663682, 3.4576334704538993, 3.1837638916098037, 6.750114339101366, 3.395044236258107, 3.9439061944278198, 6.875307689191864, 0.09659074200022211, 8.668997539135756, 7.126177097200596, -1.3437495883686772],[-2.652115012867567, -5.961121728945475, -9.61610438264838, 3.168507427630953, 0.929963770759457, -2.921593459528715, 3.515870472920824, -6.0891587113437184, -3.5847157952990294, -5.157828786968615, -1.4870047674370177, -1.8241080525380777, 9.410111266662518, 4.586767429003498, 1.0495450961871011, 4.839977729705767],[-3.822876527789112, -9.021839744139239, -2.3457947541782325, 0.646823245239931, 6.0467946506188, -6.0552371543018735, 8.218289250440932, -9.721015189225621, 8.461227145132838, 9.823128918428669, 8.144386637882132, -4.364606751806754, -7.7555340802026755, 0.13960558103982557, 0.3653281767550318, -4.010339788237529],[-3.594858853977046, -8.113902154731075, -5.426106691289585, -4.2818976256971375, 4.160841628844054, -2.2203275293741793, -0.6040828455263476, 4.68307206994073, 5.466065270250478, -0.4947976901343374, -8.8236265779776, 7.147444130766296, -1.0354927764847943, 8.432469152114262, -9.365669060098629, -7.1390294737828945],[1.8303245372281562, 3.191557224194268, -2.192476654639581, 2.7936720856744373, 8.44358339267109, -8.782531656683997, -9.938549908831963, 5.644588845609793, 3.506212658799816, -2.2700223420778904, -6.051000493070364, -5.519063365327479, 3.7535535214901756, 1.138441064729978, 8.343934398657375, -8.022911822617388],[-6.742658194999171, 8.075646423680244, 3.992722755792414, -2.0145505972604187, -5.173287806799063, -1.7264481893645858, 5.311862628989523, 2.5952177772799914, -0.19435986822620777, -7.467825166934816, -4.065629374038777, -4.014647192446326, -9.546460070329378, 5.708481737172688, 4.746691262547444, 2.526315321581645],[9.64014550042323, 0.3342104042413041, -8.676928765046227, 7.447039001131273, -1.1187135080498205, -2.388118135199006, 9.26487700391139, -1.4155759814588649, 4.523828446424805, -7.769585041241472, -5.786047680584043, 4.675976473135465, -5.433171875621461, 2.9257397743888447, -9.210180113944995, -3.9752090984839956],[-1.6244310122109482, 8.43236921432052, 1.8061220467078538, 2.3881177515772283, -0.5849820545026834, -9.191002113188258, -5.3912019081988145, 9.333489870760353, -0.0750338475524881, -7.9024570282566575, -9.911732928817539, 5.232970737816968, 6.607716880589315, -4.840185454424011, -1.8193058350503826, -0.7227258541514043],[-6.071368337493277, 0.4020775306090041, -8.220951043408132, -4.522569790909905, 9.096264088457406, 5.7095999427734885, -4.107630083171873, -5.382929642910725, 6.911828429671743, -3.5673622179662328, -8.210971227909312, 6.107972463566842, -5.488213385689393, 4.29394325117056, 8.489234598145977, 2.4836363453318313],[-2.2243508836604997, -7.043150161887322, 3.8795139195789297, -7.953666818006091, 9.726084807833498, -6.208664237834953, -8.656438521454303, -3.5177115811411275, 2.025388424268632, 1.291887550259263, 7.555449949484235, 7.867636666698306, 8.823827855128293, -0.2908808194496153, -8.731994068526419, 6.084955114419618],[4.375414822201609, 7.168265183686401, 2.0635507144384206, 2.5886078771673766, 3.027456694304604, -0.618252602385267, 8.42837471104168, -9.557210094072047, -5.1194705708235455, 0.8032924762225306, 1.3154896971788688, 3.996135323015137, 8.388189740638701, 0.7639659013890849, 0.20441885999299636, -1.6463490443381374]];biases=[1.9297073635130282, -3.9363096898606393, 7.992115484529023, -0.12775876150995025, -3.6516702470043905, -9.42285160299723, -7.976981888740065, 9.278277736142567, -0.15386789738298035, -4.550464088177608, 3.708479945855423, 7.966672302432407, 5.978905442598922, -0.4072288407380569, -4.118161831129006, 5.180855987390753];activationFunc=ReLu}
layer2: Layer{weights=[[-3.8908763334999925, -3.855806608466872, -9.696091579705206, 9.370147794368282, -3.021577891991978, -6.885888034601253, 2.241666148893046, 5.532682678097689, -0.46424775640727134, 0.4919321634007705, 3.5690183359460015, -6.175080433541766, -6.825227902462303, -4.249632832142112, 2.0735299624092924, 5.581628542486845]];biases=[-8.738435268876918];activationFunc=Sigmoid}
]
}
NeuralNetwork{
Number_of_neurons: [5,16,16,1]
layers:
[layer0: Layer{weights=[[-2.6232686142076016, -3.9584141111051707, 9.655767089076807, -4.917952290314274, 2.8619343414615486],[-9.854796100367007, 7.804452312569399, -6.016891843832135, 2.9083957042150246, 3.482841415826936],[7.730987490454972, 1.6450882174364665, 3.7444449248960012, 6.062733745634265, 6.433181662176629],[-4.020877748885885, 4.992433309582875, -1.6046206555864462, -3.9643419364963943, 5.649258947438982],[-0.8594064029040744, -8.207780135146223, 0.4070623119770218, -2.1627097486926345, -6.919890084397262],[-6.123418270185255E-4, -5.461988608336186, 8.216619983435216, -2.538508835806022, 0.7000299269318084],[4.492500220620318, 1.2577123328961264, 1.5971439472687123, 9.04943509621215, 8.24485386847276],[-4.132433636823, 1.6170925560178553, 0.3521931642574927, 8.374703872806336, 2.6061660235903172],[-3.6164924364480067, 6.26448613499387, 2.194169463576369, 7.4401724784888685, -8.951220453644408],[-4.712875199020454, -7.33126627436768, -4.089126637389951, -7.75895095434489, -3.4147792726043154],[5.939771234777439, 1.896139912254288, 6.296394148378564, 4.602264475526763, 0.20876298666468784],[9.649887736236124, 6.254647669336862, -8.369691222732424, -3.0293077008076814, -9.814870060321123],[-5.211464359337978, -1.4626032534246942, 2.870594475656132, -5.978740401113287, 5.9706678159978726],[0.6180695526009572, -6.0422960281404725, 7.671478892901597, 3.9270782625552396, 3.5596246537129197],[-8.720750968058532, -5.0762014187749305, 4.816505080897937, 7.394139142278256, 2.778661628825631],[-8.934451604758387, -0.7496888127824448, -5.574252303564034, 2.8689717616092807, 9.572494684403377]];biases=[-9.789043400213371, -5.99790651309235, 3.5484000436248877, 7.047278182649961, -6.599369707521944, -9.717544643473877, 8.862404661751128, -1.153580434426523, -7.468096193596267, -7.678161238228272, 5.04478555821324, 0.39122274965003534, 3.483410443035188, -9.608061681991009, 4.1896985318349085, 2.99541888062517];activationFunc=ReLu}
layer1: Layer{weights=[[-3.2145113635704163, -0.29616635107807454, -1.0100165449871774, 4.756405920654455, -1.8033464819691503, 6.245654429407516, 6.812491649158435, 8.420204694611925, 9.791040630768194, -8.154208611263671, 8.209069876103001, -7.430247055951433, -0.03828215483559916, -5.801615575864345, 0.4066234870707408, 2.7971938398673437],[5.316288751650717, -1.0680861397166002, -2.4463254661119382, -8.946367026947213, -1.8668761236255609, -6.508251081662559, 6.161608955828612, -8.381382853985333, 9.82713484626283, -8.196387123137134, -9.958774444205908, 4.568692086707781, -7.654320011327867, -8.51114375343457, 3.317387276328141, 2.635485382400841],[0.007980001244508372, -9.242789590682186, 8.575235362822053, 1.9533485620569184, -9.073212439076627, -5.5372667902015005, 6.612149219095972, 1.6523583092199097, -9.77017421722606, -1.4574629800362633, 1.8664646905362137, -1.8195149935485162, -9.26231996305515, 1.9389901637654638, -8.381809341957688, -0.7705968912833008],[9.270069169229888, -3.023025025578905, 2.9686090203587376, 0.6970298541942572, -5.359496064065537, -4.399662179086661, 7.045414239618417, 0.4053706343257666, -7.831046178123771, 9.731012945768803, 3.9762271268900147, 2.406471414584887, -3.721050566839212, -1.7758732385775033, -5.5311977545717035, 5.513050283190497],[8.469229722586462, -7.174216068487029, -5.179749713310904, -9.5722944794171, 7.721214123495301, 9.457996446806135, 5.784077335751814, 1.399098808680126, 2.4511499177601443, -2.2834083487224044, -3.87459611694635, 4.469890096954197, -1.13382814519996, -5.3974574105407775, 6.009882402596254, -5.053460006240917],[-9.557282326709489, 5.475634188239978, 4.158220425603137, -9.399590315684154, 3.832198778634348, 2.4843730427925053, 3.4576334704538993, 3.1837638916098037, 6.750114339101366, 3.395044236258107, 3.9439061944278198, 6.875307689191864, -9.044094700808262, 8.668997539135756, 7.126177097200596, -1.3437495883686772],[-2.652115012867567, -5.961121728945475, -9.61610438264838, 3.168507427630953, 0.929963770759457, -2.921593459528715, 3.515870472920824, -6.0891587113437184, -3.5847157952990294, -5.157828786968615, -1.4870047674370177, 4.522572058339113, 9.410111266662518, 4.586767429003498, 1.0495450961871011, 4.839977729705767],[-3.822876527789112, -9.021839744139239, -2.3457947541782325, 0.646823245239931, 6.0467946506188, -6.0552371543018735, 8.218289250440932, -9.721015189225621, -4.021711249874908, 9.823128918428669, 8.13904852946759, -4.364606751806754, -7.7555340802026755, 0.13960558103982557, 0.3653281767550318, -4.010339788237529],[-3.594858853977046, -8.113902154731075, -5.426106691289585, -4.2818976256971375, 4.160841628844054, -2.2203275293741793, -0.6040828455263476, 4.68307206994073, -9.322777467407924, -0.4947976901343374, -1.261556162489283, -5.866196721293213, -1.0354927764847943, 8.432469152114262, 7.7887038016723835, 8.394836858991383],[1.8303245372281562, 3.191557224194268, -2.192476654639581, 9.965467983103803, 8.44358339267109, -8.782531656683997, -9.938549908831963, 5.644588845609793, 4.526850871751943, -7.686245544730879, -6.051000493070364, -5.519063365327479, 3.7535535214901756, 1.138441064729978, 8.343934398657375, 4.603824980525641],[-6.742658194999171, 8.075646423680244, 3.992722755792414, -2.0145505972604187, -5.173287806799063, -1.7264481893645858, -2.0708572204767517, -1.3341571363461409, -0.19435986822620777, -7.467825166934816, -4.065629374038777, -4.014647192446326, -9.546460070329378, 5.708481737172688, 4.746691262547444, 2.526315321581645],[5.389414156806726, 0.3342104042413041, -8.676928765046227, 7.447039001131273, 9.526600855243572, -2.388118135199006, 9.26487700391139, -1.4155759814588649, 4.523828446424805, -7.769585041241472, -5.786047680584043, -5.454449949297153, -5.433171875621461, -4.905492700466427, -9.210180113944995, -3.9752090984839956],[-1.6244310122109482, 8.43236921432052, 7.150311423752775, 2.3881177515772283, -0.5849820545026834, -9.191002113188258, -5.3912019081988145, 9.333489870760353, 9.56683657809133, 5.087960338852927, -9.911732928817539, 5.232970737816968, 6.607716880589315, -4.840185454424011, -1.8193058350503826, -0.7227258541514043],[-6.071368337493277, 0.4020775306090041, 4.42264445799313, -4.522569790909905, 9.096264088457406, 5.7095999427734885, -2.037047982101578, -5.913370803349432, 6.911828429671743, -3.5673622179662328, -8.210971227909312, -5.057886572605312, -5.488213385689393, 4.29394325117056, 8.489234598145977, 2.4836363453318313],[-2.2243508836604997, -7.043150161887322, 3.8298978561858945, -7.953666818006091, -6.456646516213578, -6.208664237834953, -8.656438521454303, -6.896211577622189, 2.025388424268632, -1.4702104848683426, -0.6680981598190741, 7.867636666698306, 8.823827855128293, -0.2908808194496153, -8.731994068526419, 6.084955114419618],[4.375414822201609, 7.168265183686401, 2.0635507144384206, -3.1111097325174386, 3.027456694304604, -0.618252602385267, 8.42837471104168, -9.557210094072047, -5.1194705708235455, 0.8032924762225306, 1.3154896971788688, 3.996135323015137, 8.388189740638701, 0.7639659013890849, 0.20441885999299636, -1.6463490443381374]];biases=[-3.103199263801617, -3.9363096898606393, 7.992115484529023, -0.12775876150995025, -0.19563393612631685, -9.42285160299723, -7.976981888740065, 9.278277736142567, -0.15386789738298035, -4.550464088177608, 3.708479945855423, -2.7896535232062947, 5.978905442598922, -0.4072288407380569, -4.118161831129006, 5.180855987390753];activationFunc=ReLu}
layer2: Layer{weights=[[9.634878746892038, -3.855806608466872, -9.696091579705206, 6.582017786779158, -3.021577891991978, -6.885888034601253, 2.241666148893046, 5.532682678097689, -9.611081292181149, -0.5898239657007327, 3.5690183359460015, -6.175080433541766, -6.825227902462303, -4.249632832142112, 2.0735299624092924, 5.581628542486845]];biases=[-8.738435268876918];activationFunc=Sigmoid}
]
}
NeuralNetwork{
Number_of_neurons: [5,16,16,1]
layers:
[layer0: Layer{weights=[[-2.6232686142076016, 9.475524452329317, 9.655767089076807, -4.917952290314274, 2.8619343414615486],[-9.854796100367007, -2.3256477170625622, -6.016891843832135, -7.172661605590191, -0.42114749363470594],[7.730987490454972, -6.777327770559709, 3.7444449248960012, 6.062733745634265, 6.433181662176629],[-4.020877748885885, 4.992433309582875, -1.6046206555864462, 0.9858445648683762, 5.649258947438982],[-0.8594064029040744, -9.183592404715455, 0.4070623119770218, -2.1627097486926345, -6.919890084397262],[-6.123418270185255E-4, -5.461988608336186, 8.216619983435216, -2.538508835806022, 0.7000299269318084],[4.492500220620318, 1.2577123328961264, 1.5971439472687123, 9.04943509621215, 6.000700439613347],[-4.132433636823, 1.6170925560178553, 0.3521931642574927, 8.374703872806336, 2.6061660235903172],[-3.6164924364480067, 6.26448613499387, 2.194169463576369, 7.4401724784888685, -8.951220453644408],[-4.712875199020454, -7.33126627436768, -4.089126637389951, -1.4164092525811274, -3.4147792726043154],[5.939771234777439, 1.896139912254288, 6.296394148378564, 4.602264475526763, 0.20876298666468784],[-1.2461979057144141, 6.254647669336862, -8.369691222732424, -3.0293077008076814, -3.324386486319659],[-3.7821516475965637, -1.4626032534246942, 2.870594475656132, -5.978740401113287, 5.9706678159978726],[0.6180695526009572, -6.0422960281404725, 7.671478892901597, 3.9270782625552396, 3.5596246537129197],[-8.97979687402971, -5.0762014187749305, 4.816505080897937, 7.394139142278256, 2.778661628825631],[-8.934451604758387, -1.3029410417970215, -5.574252303564034, 2.8689717616092807, 9.572494684403377]];biases=[-9.789043400213371, -5.99790651309235, 3.5484000436248877, 7.047278182649961, -6.599369707521944, -9.717544643473877, 8.862404661751128, -1.153580434426523, -7.468096193596267, -7.678161238228272, 5.04478555821324, 0.39122274965003534, 3.483410443035188, -9.645831995127182, 4.1896985318349085, 2.99541888062517];activationFunc=ReLu}
layer1: Layer{weights=[[-8.21378262412783, 6.296132972454853, -1.0100165449871774, 1.9687562490241284, -1.8033464819691503, 6.245654429407516, 6.812491649158435, 8.420204694611925, 9.791040630768194, 7.984496667691509, -8.068109169660922, 3.9706244463975633, -0.03828215483559916, -5.801615575864345, 0.4066234870707408, 2.7971938398673437],[5.316288751650717, 4.304096004584503, -2.4463254661119382, -8.946367026947213, -4.252679747054373, -6.508251081662559, 4.379224285341838, -8.381382853985333, 9.349635856787394, -8.196387123137134, 9.80785232300233, 1.0917155760752717, -7.654320011327867, -8.51114375343457, 5.58031670353852, 2.635485382400841],[4.429653452825429, -9.242789590682186, 8.575235362822053, 1.9533485620569184, -9.073212439076627, 3.2429218832087603, 6.612149219095972, 1.6523583092199097, -9.77017421722606, -1.4574629800362633, 1.8664646905362137, -1.8195149935485162, -9.26231996305515, 1.9389901637654638, -8.381809341957688, -0.7488963225792489],[4.023835201681628, -3.023025025578905, 2.9686090203587376, 0.6970298541942572, -3.531813721867467, -4.399662179086661, 7.045414239618417, 0.4053706343257666, -7.831046178123771, 9.731012945768803, 3.9762271268900147, 2.406471414584887, -3.721050566839212, -1.7758732385775033, -5.5311977545717035, 5.513050283190497],[8.469229722586462, -7.174216068487029, -6.033286149482294, 3.7975429361047315, -2.6596589013932803, 9.457996446806135, 5.784077335751814, 6.473736746586567, -0.015398541509748398, -2.2834083487224044, -5.848001481474903, 4.469890096954197, 3.2424339200349, -5.3974574105407775, 6.009882402596254, -5.053460006240917],[-9.82240065188391, 5.475634188239978, 4.158220425603137, -1.4353754033643646, 3.832198778634348, -2.798489088429039, 8.422554223262171, 3.1837638916098037, 6.750114339101366, 6.011300671397763, 3.9439061944278198, 6.875307689191864, 9.437983434490192, 8.668997539135756, 7.126177097200596, -1.3437495883686772],[-2.652115012867567, -5.961121728945475, -9.61610438264838, 3.168507427630953, 0.929963770759457, 9.097780058744164, 3.515870472920824, -6.0891587113437184, -3.5847157952990294, -5.157828786968615, -1.4870047674370177, 7.278984704063529, 9.410111266662518, 4.586767429003498, 1.0495450961871011, 4.839977729705767],[-3.822876527789112, -9.021839744139239, -2.3457947541782325, 0.646823245239931, 1.9197068204134027, -6.0552371543018735, 8.218289250440932, -9.721015189225621, -4.021711249874908, 9.823128918428669, 8.13904852946759, -4.364606751806754, -2.785683532124972, 0.13960558103982557, -9.793208689276325, -4.010339788237529],[-3.594858853977046, 7.27157948804302, -5.426106691289585, -4.2818976256971375, 4.160841628844054, -2.2203275293741793, -0.6040828455263476, 4.68307206994073, -9.322777467407924, -0.4947976901343374, -1.261556162489283, -5.866196721293213, 7.35321914485468, 8.432469152114262, 7.7887038016723835, -6.673961795870893],[1.8303245372281562, 3.191557224194268, -2.192476654639581, 2.7936720856744373, 8.44358339267109, -8.782531656683997, -9.938549908831963, 5.644588845609793, 4.526850871751943, -7.686245544730879, -6.051000493070364, -5.519063365327479, 3.7535535214901756, 1.138441064729978, 8.343934398657375, 4.603824980525641],[-6.742658194999171, 8.075646423680244, 5.128223702620883, -2.0145505972604187, -5.173287806799063, -1.7264481893645858, 5.311862628989523, -1.3341571363461409, -0.19435986822620777, -7.467825166934816, -4.065629374038777, -4.014647192446326, -9.546460070329378, 5.708481737172688, 4.746691262547444, 2.526315321581645],[9.64014550042323, 0.3342104042413041, -8.676928765046227, 7.447039001131273, -5.334384818610194, -2.388118135199006, 9.26487700391139, -1.4155759814588649, 4.523828446424805, -7.769585041241472, -5.786047680584043, -5.454449949297153, -5.433171875621461, 2.9257397743888447, -9.210180113944995, -3.9752090984839956],[-1.6244310122109482, 8.43236921432052, 1.8061220467078538, 2.3881177515772283, -0.5849820545026834, -9.191002113188258, -5.3912019081988145, 9.333489870760353, 4.772843014356011, 5.087960338852927, -9.911732928817539, 5.232970737816968, 6.607716880589315, -4.840185454424011, -1.8193058350503826, -0.7227258541514043],[-6.071368337493277, 0.4020775306090041, 2.8018140168997956, -4.522569790909905, 9.096264088457406, 5.7095999427734885, -4.107630083171873, -5.913370803349432, 6.911828429671743, -3.5673622179662328, -8.210971227909312, 6.107972463566842, 1.0496206356135822, 4.29394325117056, 8.489234598145977, 2.4836363453318313],[-2.2243508836604997, -7.043150161887322, 3.8795139195789297, -7.953666818006091, 9.726084807833498, -6.208664237834953, -8.656438521454303, -6.896211577622189, 2.025388424268632, 1.291887550259263, 7.555449949484235, 7.867636666698306, 8.823827855128293, -0.2908808194496153, -8.731994068526419, 6.084955114419618],[4.375414822201609, 7.168265183686401, 2.0635507144384206, 2.5886078771673766, 3.027456694304604, -0.618252602385267, 8.42837471104168, -9.557210094072047, -9.64394326946875, 0.8032924762225306, 1.3154896971788688, 3.996135323015137, 8.388189740638701, -9.165346899853645, 0.20441885999299636, -1.6463490443381374]];biases=[1.9297073635130282, -3.9363096898606393, 7.992115484529023, 9.460646160502549, -3.6516702470043905, -9.42285160299723, -7.976981888740065, 9.278277736142567, -0.15386789738298035, -4.550464088177608, 3.708479945855423, 7.966672302432407, 5.978905442598922, -0.4072288407380569, -4.118161831129006, 5.180855987390753];activationFunc=ReLu}
layer2: Layer{weights=[[9.634878746892038, -3.855806608466872, -9.696091579705206, 9.370147794368282, -3.021577891991978, -6.885888034601253, 2.241666148893046, 5.532682678097689, -0.46424775640727134, -0.5898239657007327, 3.5690183359460015, -6.175080433541766, -6.825227902462303, -4.249632832142112, 2.0735299624092924, 5.581628542486845]];biases=[-8.738435268876918];activationFunc=Sigmoid}
]
}
NeuralNetwork{
Number_of_neurons: [5,16,16,1]
layers:
[layer0: Layer{weights=[[-2.6232686142076016, -3.9584141111051707, 9.655767089076807, -4.917952290314274, 2.8619343414615486],[-9.854796100367007, -2.5911886852331616, 3.810596408167793, -7.172661605590191, -0.42114749363470594],[-4.502587531622626, -6.777327770559709, 3.7444449248960012, 6.062733745634265, 6.433181662176629],[-4.020877748885885, 4.992433309582875, -1.6046206555864462, 0.9858445648683762, 5.649258947438982],[-0.8594064029040744, -8.207780135146223, 0.4070623119770218, -2.1627097486926345, -6.919890084397262],[-6.123418270185255E-4, -8.556107579362921, 8.216619983435216, -2.538508835806022, 0.7000299269318084],[4.492500220620318, 2.990472631508501, 1.5971439472687123, 9.04943509621215, 8.24485386847276],[-4.132433636823, 5.622927084081704, 0.3521931642574927, 8.374703872806336, 2.6061660235903172],[-3.6164924364480067, 6.26448613499387, 2.194169463576369, 3.887729795335451, -2.7130240911869796],[-4.712875199020454, -7.33126627436768, -4.089126637389951, -1.4164092525811274, -3.4147792726043154],[5.939771234777439, 1.896139912254288, 6.296394148378564, 4.602264475526763, 0.20876298666468784],[-6.884829997773469, 6.254647669336862, -8.369691222732424, -3.0293077008076814, -3.324386486319659],[-9.094833383171128, -1.4626032534246942, 3.037894982989016, -5.978740401113287, 5.9706678159978726],[0.6180695526009572, -6.0422960281404725, 7.671478892901597, 3.9270782625552396, 3.5596246537129197],[-8.97979687402971, -5.0762014187749305, 4.816505080897937, 7.394139142278256, 2.778661628825631],[-8.934451604758387, -0.7496888127824448, -5.574252303564034, 2.8689717616092807, 9.572494684403377]];biases=[-9.789043400213371, -5.99790651309235, 3.5484000436248877, 7.047278182649961, -6.599369707521944, -9.717544643473877, -5.668493578022062, -1.153580434426523, -7.468096193596267, -5.261005904137106, 5.04478555821324, 0.39122274965003534, 3.483410443035188, -6.472432884848991, 4.1896985318349085, 2.99541888062517];activationFunc=ReLu}
layer1: Layer{weights=[[-3.2145113635704163, 6.296132972454853, -7.876681726111192, -9.590335757370534, -1.8033464819691503, 6.245654429407516, 6.812491649158435, 8.420204694611925, 9.791040630768194, 7.984496667691509, -8.068109169660922, -7.430247055951433, -0.03828215483559916, -5.801615575864345, 0.4066234870707408, 2.7971938398673437],[5.316288751650717, 4.304096004584503, -2.4463254661119382, -8.946367026947213, -4.252679747054373, -6.508251081662559, 6.161608955828612, -8.381382853985333, 9.82713484626283, -8.196387123137134, -9.958774444205908, -6.329029223848566, -6.155278955764234, -8.51114375343457, 3.317387276328141, 2.635485382400841],[5.506593090841507, -9.242789590682186, 8.575235362822053, 1.9533485620569184, -9.073212439076627, 3.2429218832087603, 6.612149219095972, 1.6523583092199097, -9.77017421722606, -1.4574629800362633, 1.8664646905362137, -1.8195149935485162, -9.26231996305515, 1.9389901637654638, -8.381809341957688, -0.7488963225792489],[9.270069169229888, -3.023025025578905, 2.9686090203587376, 0.6970298541942572, -5.359496064065537, -4.399662179086661, 7.045414239618417, 0.4053706343257666, -7.831046178123771, 9.731012945768803, 3.9762271268900147, 2.406471414584887, -3.721050566839212, -1.7758732385775033, -5.5311977545717035, 5.513050283190497],[8.469229722586462, -7.174216068487029, -5.179749713310904, 3.7975429361047315, 7.721214123495301, 9.457996446806135, 5.784077335751814, -5.933749735887568, 2.4511499177601443, -2.2834083487224044, -3.87459611694635, 4.469890096954197, -1.13382814519996, -5.3974574105407775, 6.009882402596254, 3.725097002557334],[-9.82240065188391, 5.475634188239978, 4.158220425603137, -9.399590315684154, 3.832198778634348, -4.616168824663682, 3.4576334704538993, 3.1837638916098037, 6.402054804421663, 3.395044236258107, -9.903831647281372, 6.875307689191864, 9.437983434490192, 8.668997539135756, 7.126177097200596, -1.3437495883686772],[-2.652115012867567, -9.756929521821734, -9.61610438264838, 3.168507427630953, 0.929963770759457, -2.921593459528715, 3.515870472920824, 4.500312396902224, -3.5847157952990294, -5.157828786968615, -1.4870047674370177, -1.8241080525380777, 9.410111266662518, 4.586767429003498, 1.0495450961871011, 4.839977729705767],[-3.822876527789112, -9.021839744139239, -1.775676789964507, 0.646823245239931, 6.0467946506188, -6.0552371543018735, 8.218289250440932, -9.721015189225621, -4.021711249874908, 9.823128918428669, 8.13904852946759, -4.364606751806754, -7.7555340802026755, 0.13960558103982557, -7.078385425309747, -4.010339788237529],[-3.594858853977046, -8.113902154731075, -5.426106691289585, -4.2818976256971375, -5.385957475898877, -2.2203275293741793, -0.6040828455263476, 4.68307206994073, 5.740864231031546, -0.4947976901343374, -5.155314609351169, -5.866196721293213, -1.0354927764847943, 5.649849186633929, 7.7887038016723835, 8.394836858991383],[1.8303245372281562, 3.191557224194268, -2.192476654639581, 2.7936720856744373, 8.44358339267109, 1.8161704345955307, -9.938549908831963, 5.644588845609793, 4.526850871751943, -7.686245544730879, -6.051000493070364, -5.519063365327479, 3.7535535214901756, 1.138441064729978, 8.343934398657375, 4.603824980525641],[-6.742658194999171, 8.075646423680244, 3.992722755792414, -2.0145505972604187, 8.311724548602161, 7.727770192995955, 5.311862628989523, -1.3341571363461409, -0.19435986822620777, -7.467825166934816, -4.065629374038777, -4.014647192446326, -9.546460070329378, 5.708481737172688, 4.746691262547444, -3.799404127729993],[9.64014550042323, 0.3342104042413041, -8.676928765046227, 7.447039001131273, -5.334384818610194, -2.1830298311229797, 9.26487700391139, -1.4155759814588649, 4.523828446424805, -7.769585041241472, -5.786047680584043, -5.454449949297153, -5.433171875621461, 2.9257397743888447, -9.210180113944995, -3.9752090984839956],[-1.6244310122109482, 8.43236921432052, -2.7310109230810298, 2.3881177515772283, -0.5849820545026834, -9.191002113188258, -5.3912019081988145, 9.333489870760353, 4.772843014356011, 5.087960338852927, -9.911732928817539, 5.232970737816968, 6.607716880589315, -4.840185454424011, -1.8193058350503826, -0.7227258541514043],[-6.071368337493277, -1.2665120486928423, 4.42264445799313, -4.522569790909905, 9.096264088457406, 5.7095999427734885, -4.107630083171873, 7.700064045052343, 6.911828429671743, -3.5673622179662328, -8.210971227909312, 6.107972463566842, -5.488213385689393, 4.29394325117056, 8.489234598145977, 2.4836363453318313],[-2.2243508836604997, -7.043150161887322, 3.8795139195789297, -7.953666818006091, 9.726084807833498, -6.208664237834953, -8.656438521454303, -6.896211577622189, 2.025388424268632, 1.291887550259263, 7.555449949484235, 7.0273634044289714, 8.823827855128293, -0.2908808194496153, 2.482601605105156, 6.084955114419618],[4.375414822201609, 7.168265183686401, 2.0635507144384206, 2.5886078771673766, 3.027456694304604, -0.618252602385267, 8.42837471104168, -9.557210094072047, -5.1194705708235455, 0.8032924762225306, -5.980554006803251, 3.996135323015137, 8.388189740638701, 0.7639659013890849, 0.20441885999299636, -1.6463490443381374]];biases=[1.9297073635130282, -3.9363096898606393, 7.992115484529023, -0.12775876150995025, -3.6516702470043905, -9.42285160299723, -7.976981888740065, 9.278277736142567, 7.108076887119058, -4.550464088177608, 3.708479945855423, 7.966672302432407, 5.978905442598922, -0.4072288407380569, -4.118161831129006, 8.992173081157912];activationFunc=ReLu}
layer2: Layer{weights=[[9.634878746892038, -3.855806608466872, 8.843796187289566, 9.370147794368282, -3.021577891991978, -6.885888034601253, 2.241666148893046, 5.532682678097689, -0.46424775640727134, -0.5898239657007327, 3.5690183359460015, -0.8250874419792549, -6.825227902462303, -4.249632832142112, 9.4386149983009, 5.581628542486845]];biases=[-8.738435268876918];activationFunc=Sigmoid}
]
}
NeuralNetwork{
Number_of_neurons: [5,16,16,1]
layers:
[layer0: Layer{weights=[[-2.6232686142076016, -3.9584141111051707, -7.004327778086889, -4.917952290314274, 2.8619343414615486],[-9.854796100367007, -2.5911886852331616, -6.016891843832135, -7.172661605590191, -0.42114749363470594],[7.730987490454972, -6.777327770559709, 3.7444449248960012, 6.062733745634265, 6.433181662176629],[-4.020877748885885, 4.992433309582875, 4.79530481854011, 0.9858445648683762, 5.649258947438982],[-0.8594064029040744, -8.207780135146223, 0.4070623119770218, -2.1627097486926345, -6.919890084397262],[-9.235544674488882, -5.461988608336186, 8.216619983435216, 7.438034529053457, 0.7000299269318084],[4.492500220620318, 1.2577123328961264, 1.5971439472687123, 9.04943509621215, 8.24485386847276],[-4.132433636823, 1.6170925560178553, 0.3521931642574927, 7.4496672136876185, 2.6061660235903172],[-2.5937955837118114, -3.6683275608093595, 2.194169463576369, 7.4401724784888685, -8.951220453644408],[-4.712875199020454, -7.33126627436768, -4.089126637389951, -1.4164092525811274, -3.4147792726043154],[5.939771234777439, 1.896139912254288, 6.296394148378564, 4.602264475526763, 0.20876298666468784],[-1.2461979057144141, 6.254647669336862, -8.369691222732424, -3.0293077008076814, -3.324386486319659],[-3.7821516475965637, -1.4626032534246942, 2.870594475656132, -5.978740401113287, 5.9706678159978726],[-0.9003267048896682, -6.0422960281404725, 7.671478892901597, 3.9270782625552396, 5.1313321916965915],[-8.97979687402971, -5.0762014187749305, 4.816505080897937, 7.394139142278256, 2.778661628825631],[-8.934451604758387, -0.7496888127824448, -5.574252303564034, 2.8689717616092807, 9.572494684403377]];biases=[-9.789043400213371, -5.99790651309235, 3.5484000436248877, 7.047278182649961, -6.599369707521944, 9.28076055905521, 8.862404661751128, -1.153580434426523, -7.468096193596267, -7.678161238228272, 5.04478555821324, -6.480342183380192, 3.483410443035188, -9.608061681991009, 4.1896985318349085, 2.99541888062517];activationFunc=ReLu}
layer1: Layer{weights=[[-3.2145113635704163, 6.296132972454853, -1.0100165449871774, 1.9687562490241284, 8.996817787862664, 6.245654429407516, 6.812491649158435, 8.420204694611925, 9.791040630768194, 7.984496667691509, 4.547336650058808, -7.430247055951433, -0.03828215483559916, -5.801615575864345, 0.4066234870707408, 2.7971938398673437],[5.316288751650717, -5.089208770377052, -2.4463254661119382, -8.946367026947213, -4.252679747054373, -6.508251081662559, 7.38215138313824, -8.381382853985333, -2.4856893635686212, -8.196387123137134, -9.958774444205908, 1.0917155760752717, -7.654320011327867, -8.51114375343457, 3.317387276328141, 2.635485382400841],[5.506593090841507, -9.242789590682186, 8.575235362822053, 1.9533485620569184, -9.073212439076627, 3.2429218832087603, 6.612149219095972, 1.6523583092199097, -9.77017421722606, -1.4574629800362633, 1.8664646905362137, -1.8195149935485162, -2.483294450653677, 1.9389901637654638, -8.381809341957688, -0.7488963225792489],[9.270069169229888, -3.023025025578905, 2.9686090203587376, 0.6970298541942572, -5.359496064065537, -4.399662179086661, 7.045414239618417, 0.4053706343257666, -7.831046178123771, 9.731012945768803, 3.9762271268900147, 2.406471414584887, -3.721050566839212, -1.7758732385775033, -5.5311977545717035, 5.513050283190497],[8.469229722586462, -7.174216068487029, -1.20754375099839, 3.7975429361047315, 7.721214123495301, 9.457996446806135, 5.784077335751814, 1.399098808680126, 2.4511499177601443, -2.2834083487224044, -3.87459611694635, 4.469890096954197, -1.3160677641781415, -5.3974574105407775, 6.009882402596254, -5.053460006240917],[-9.82240065188391, 5.475634188239978, 8.160192065617952, -9.399590315684154, 3.832198778634348, -4.616168824663682, 3.4576334704538993, 3.1837638916098037, 6.750114339101366, 3.395044236258107, 3.9439061944278198, 6.875307689191864, 9.437983434490192, 8.668997539135756, 7.126177097200596, -1.3437495883686772],[-2.652115012867567, -5.961121728945475, -9.61610438264838, 3.168507427630953, 0.929963770759457, -2.921593459528715, 3.515870472920824, -6.0891587113437184, -3.5847157952990294, -5.157828786968615, -1.4870047674370177, -1.8241080525380777, 9.410111266662518, 0.13971130121099584, 1.0495450961871011, 4.839977729705767],[-3.822876527789112, -9.021839744139239, -2.3457947541782325, 0.646823245239931, 6.0467946506188, -6.0552371543018735, -0.507138778140245, -9.721015189225621, -4.021711249874908, 9.823128918428669, 8.13904852946759, -4.364606751806754, -7.7555340802026755, -6.416795720056989, 0.3653281767550318, 3.321856931907991],[-3.594858853977046, -8.113902154731075, -5.426106691289585, -4.2818976256971375, 4.160841628844054, -2.2203275293741793, -0.6040828455263476, 4.68307206994073, -9.322777467407924, -0.4947976901343374, -1.261556162489283, -5.866196721293213, -1.0354927764847943, 8.432469152114262, 7.7887038016723835, 8.394836858991383],[1.8303245372281562, 3.191557224194268, -2.192476654639581, 2.7936720856744373, 8.44358339267109, -8.782531656683997, -9.938549908831963, 5.644588845609793, 4.526850871751943, -7.686245544730879, -6.051000493070364, -5.519063365327479, 3.7535535214901756, 1.138441064729978, 8.343934398657375, 4.603824980525641],[-6.742658194999171, 8.075646423680244, 3.992722755792414, -2.0145505972604187, -5.173287806799063, -1.7264481893645858, 5.311862628989523, -9.455144497596095, -0.19435986822620777, -7.467825166934816, -4.065629374038777, -4.014647192446326, -9.546460070329378, 5.708481737172688, 5.069402118522836, 2.526315321581645],[9.64014550042323, 0.3342104042413041, -8.676928765046227, 7.447039001131273, -5.334384818610194, -2.388118135199006, 9.26487700391139, -1.4155759814588649, 4.523828446424805, -7.769585041241472, -5.786047680584043, -5.454449949297153, -5.433171875621461, 2.9257397743888447, -9.210180113944995, -3.9752090984839956],[-1.6244310122109482, 7.8268324600114845, 1.8061220467078538, 2.3881177515772283, -0.5849820545026834, -9.191002113188258, -5.3912019081988145, 9.333489870760353, 4.772843014356011, 5.087960338852927, -9.911732928817539, 5.232970737816968, 3.580735771383674, -1.6734466388324272, -1.8193058350503826, -8.671449794069023],[-6.071368337493277, 0.4020775306090041, 4.42264445799313, -4.522569790909905, 9.096264088457406, 5.7095999427734885, -4.107630083171873, -5.913370803349432, 6.911828429671743, -3.5673622179662328, 9.759561341638594, 6.107972463566842, -5.488213385689393, -3.5765035213872354, 8.489234598145977, 2.4836363453318313],[-2.2243508836604997, -7.043150161887322, 3.8795139195789297, -6.065795083161351, 9.726084807833498, -6.208664237834953, -8.656438521454303, 1.3627121625596228, 2.025388424268632, 1.291887550259263, 7.555449949484235, 7.867636666698306, 8.823827855128293, -0.2908808194496153, -8.731994068526419, 6.084955114419618],[2.8279783098551334, 7.168265183686401, 2.0635507144384206, 2.5886078771673766, 5.866242441618091, -0.618252602385267, 8.42837471104168, -9.557210094072047, -5.1194705708235455, 0.8032924762225306, 1.3154896971788688, 3.996135323015137, 8.178764670296651, 0.7639659013890849, 0.20441885999299636, -1.6463490443381374]];biases=[1.9297073635130282, -3.9363096898606393, 7.992115484529023, -0.12775876150995025, -3.6516702470043905, -9.42285160299723, -7.976981888740065, 9.278277736142567, -0.15386789738298035, -4.550464088177608, 3.708479945855423, 7.966672302432407, 5.978905442598922, -0.4072288407380569, -4.118161831129006, 5.180855987390753];activationFunc=ReLu}
layer2: Layer{weights=[[-5.555745979454878, -3.855806608466872, -9.696091579705206, 9.370147794368282, -3.021577891991978, -6.885888034601253, 2.241666148893046, 5.532682678097689, -0.46424775640727134, -0.5898239657007327, 3.5690183359460015, -6.175080433541766, -6.825227902462303, -4.249632832142112, 2.0735299624092924, 5.581628542486845]];biases=[-8.738435268876918];activationFunc=Sigmoid}
]
}
NeuralNetwork{
Number_of_neurons: [5,16,16,1]
layers:
[layer0: Layer{weights=[[-2.6232686142076016, -3.9584141111051707, 9.655767089076807, -4.917952290314274, 2.8619343414615486],[-9.854796100367007, -2.5911886852331616, -6.016891843832135, -7.172661605590191, -0.42114749363470594],[7.730987490454972, -6.777327770559709, 3.7444449248960012, 6.062733745634265, -5.469854307852094],[5.1956931314861095, 4.992433309582875, -1.6046206555864462, 0.9858445648683762, 5.649258947438982],[-0.8594064029040744, -8.207780135146223, 0.4070623119770218, -2.1627097486926345, -6.919890084397262],[-6.123418270185255E-4, -1.7898733386567596, 8.216619983435216, -2.538508835806022, 0.7000299269318084],[4.492500220620318, 1.2577123328961264, 1.5971439472687123, 9.112250086942232, 8.24485386847276],[-4.132433636823, 1.6170925560178553, -4.927851356544489, 8.374703872806336, 4.278386334063724],[-3.6164924364480067, 6.26448613499387, 6.07864478310702, 7.4401724784888685, -8.951220453644408],[-4.712875199020454, -7.33126627436768, -4.089126637389951, -1.4164092525811274, -3.4147792726043154],[5.939771234777439, 1.896139912254288, 6.296394148378564, 4.602264475526763, 0.20876298666468784],[-1.2461979057144141, 6.254647669336862, -8.369691222732424, -6.947622663608353, -3.324386486319659],[-3.7821516475965637, -1.4626032534246942, 2.870594475656132, 7.13314019240055, 5.9706678159978726],[0.6180695526009572, -6.0422960281404725, 7.671478892901597, 9.60039429912516, 3.5596246537129197],[7.503540082843006, -5.0762014187749305, -9.450218617254526, 7.394139142278256, 2.778661628825631],[-8.934451604758387, -0.7496888127824448, -5.574252303564034, 2.8689717616092807, 9.572494684403377]];biases=[-9.789043400213371, -5.99790651309235, 3.5484000436248877, 7.047278182649961, -6.599369707521944, -9.717544643473877, 8.862404661751128, -1.153580434426523, -7.468096193596267, -7.678161238228272, 5.04478555821324, 0.39122274965003534, 3.483410443035188, -9.608061681991009, 4.1896985318349085, 2.99541888062517];activationFunc=ReLu}
layer1: Layer{weights=[[7.963847886868102, 6.296132972454853, -1.0100165449871774, 1.9687562490241284, -1.8033464819691503, 6.245654429407516, 6.812491649158435, 8.420204694611925, 9.791040630768194, 7.984496667691509, -8.068109169660922, -7.430247055951433, -0.03828215483559916, -5.801615575864345, 0.4066234870707408, 2.7971938398673437],[5.316288751650717, 4.304096004584503, -2.4463254661119382, -8.946367026947213, -4.252679747054373, -6.508251081662559, 6.161608955828612, -8.381382853985333, 5.238664004726294, -8.196387123137134, -9.958774444205908, 1.0917155760752717, -7.654320011327867, -8.51114375343457, 3.317387276328141, 2.635485382400841],[5.506593090841507, -9.242789590682186, 8.575235362822053, 1.9533485620569184, -9.073212439076627, 3.2429218832087603, 6.612149219095972, 1.6523583092199097, -9.77017421722606, -1.4574629800362633, 1.8664646905362137, -1.8195149935485162, -9.26231996305515, 1.9389901637654638, -8.381809341957688, -0.7488963225792489],[9.270069169229888, -3.023025025578905, 7.176489973626964, 0.6970298541942572, -5.359496064065537, -4.399662179086661, 7.045414239618417, 0.4053706343257666, -7.831046178123771, 9.731012945768803, 3.9762271268900147, 2.406471414584887, -3.721050566839212, -1.7758732385775033, -5.5311977545717035, 5.513050283190497],[8.469229722586462, -7.174216068487029, -5.179749713310904, 3.7975429361047315, 7.721214123495301, 9.457996446806135, 5.784077335751814, 1.399098808680126, 2.4511499177601443, -2.2834083487224044, -3.87459611694635, 4.469890096954197, -1.13382814519996, -5.3974574105407775, 0.9704764782664519, 8.081242593827145],[-9.82240065188391, 5.475634188239978, 2.8191915237720835, -9.399590315684154, 3.832198778634348, -4.616168824663682, 3.4576334704538993, 3.1837638916098037, 6.750114339101366, 3.395044236258107, 3.9439061944278198, 6.875307689191864, 9.437983434490192, 8.668997539135756, 7.126177097200596, -1.3437495883686772],[-2.652115012867567, -0.963066373012559, -7.339284079770492, 3.168507427630953, 0.929963770759457, -2.921593459528715, 3.515870472920824, -6.0891587113437184, -3.5847157952990294, -5.157828786968615, -1.4870047674370177, -1.8241080525380777, 9.410111266662518, 4.586767429003498, 1.0495450961871011, 4.839977729705767],[-0.848679552004409, -9.021839744139239, -2.3457947541782325, 0.646823245239931, -9.970956624514674, -6.0552371543018735, 8.218289250440932, -9.721015189225621, 8.575125916308547, 9.823128918428669, 8.13904852946759, -4.364606751806754, -7.7555340802026755, 0.13960558103982557, -7.620535802871407, -4.010339788237529],[-3.594858853977046, -8.113902154731075, -5.426106691289585, -4.2818976256971375, -3.736834443067723, -2.2203275293741793, -0.6040828455263476, 4.68307206994073, -9.322777467407924, -0.4947976901343374, -1.261556162489283, -5.866196721293213, -1.0354927764847943, 8.432469152114262, 7.7887038016723835, 8.394836858991383],[1.8303245372281562, 3.191557224194268, -2.192476654639581, 2.7936720856744373, 8.44358339267109, -8.782531656683997, -9.938549908831963, 5.644588845609793, 4.526850871751943, -7.686245544730879, -6.051000493070364, -5.519063365327479, 3.7535535214901756, 1.138441064729978, 8.343934398657375, 4.603824980525641],[-6.742658194999171, 8.075646423680244, 3.992722755792414, -2.0145505972604187, -5.173287806799063, -1.7264481893645858, 5.311862628989523, -1.3341571363461409, -0.19435986822620777, -7.467825166934816, -4.065629374038777, -4.014647192446326, -9.546460070329378, 5.708481737172688, 4.746691262547444, 2.526315321581645],[9.64014550042323, 0.3342104042413041, -8.676928765046227, 7.447039001131273, -5.334384818610194, -2.388118135199006, 9.26487700391139, -7.227357212559353, 4.523828446424805, -7.769585041241472, -5.786047680584043, -5.454449949297153, -0.35605882657862864, 2.9257397743888447, -9.210180113944995, -3.9752090984839956],[-1.6244310122109482, 8.43236921432052, 1.8061220467078538, 2.3881177515772283, -0.5849820545026834, -9.191002113188258, -5.3912019081988145, 9.333489870760353, 4.772843014356011, 5.087960338852927, -9.911732928817539, 5.232970737816968, 6.607716880589315, -4.840185454424011, -1.8193058350503826, -0.7227258541514043],[-6.071368337493277, 0.4020775306090041, 4.42264445799313, -4.522569790909905, 9.096264088457406, 5.7095999427734885, -4.107630083171873, -5.913370803349432, 6.911828429671743, -3.5673622179662328, -8.210971227909312, 6.107972463566842, -5.488213385689393, 4.29394325117056, 8.489234598145977, 2.4836363453318313],[-2.2243508836604997, -7.043150161887322, 3.8795139195789297, -7.953666818006091, 9.726084807833498, -6.208664237834953, -8.656438521454303, -6.896211577622189, 2.025388424268632, 1.291887550259263, 7.555449949484235, 7.867636666698306, 8.823827855128293, -0.2908808194496153, -8.731994068526419, 6.084955114419618],[4.375414822201609, 7.168265183686401, 2.0635507144384206, 2.5886078771673766, 3.027456694304604, -0.618252602385267, -2.436627469596271, -9.557210094072047, -5.1194705708235455, 0.8032924762225306, 0.20026568454850135, 3.996135323015137, 8.388189740638701, 0.7639659013890849, 0.20441885999299636, -1.6463490443381374]];biases=[1.9297073635130282, -3.9363096898606393, 7.992115484529023, -0.12775876150995025, -6.824974431314638, -9.42285160299723, -7.976981888740065, 9.278277736142567, -0.15386789738298035, -4.550464088177608, 3.708479945855423, 7.966672302432407, 5.978905442598922, -0.4072288407380569, -4.118161831129006, 5.180855987390753];activationFunc=ReLu}
layer2: Layer{weights=[[-1.9652576603754177, -3.855806608466872, -9.696091579705206, 9.370147794368282, -3.021577891991978, -6.885888034601253, 2.241666148893046, 5.532682678097689, -0.46424775640727134, -0.5898239657007327, 3.5690183359460015, -6.175080433541766, -6.825227902462303, -4.249632832142112, 2.0735299624092924, 5.581628542486845]];biases=[-8.738435268876918];activationFunc=Sigmoid}
]
}
NeuralNetwork{
Number_of_neurons: [5,16,16,1]
layers:
[layer0: Layer{weights=[[-2.6232686142076016, -3.9584141111051707, 3.6203588351200615, -4.917952290314274, 2.8619343414615486],[-9.854796100367007, -2.5911886852331616, -6.016891843832135, -7.172661605590191, -0.42114749363470594],[7.730987490454972, -6.777327770559709, 3.7444449248960012, 6.062733745634265, 6.433181662176629],[-4.020877748885885, 4.992433309582875, -1.6046206555864462, -8.46732078057126, 5.649258947438982],[-0.8594064029040744, -8.207780135146223, 0.4070623119770218, 7.168688640889982, -6.919890084397262],[9.729826479564327, -5.461988608336186, 8.216619983435216, -2.538508835806022, 0.7000299269318084],[4.492500220620318, 1.2577123328961264, 1.5971439472687123, 9.04943509621215, 8.24485386847276],[-4.132433636823, 1.6170925560178553, 8.438231182708982, 9.886658834237142, -0.3231459649881181],[-3.6164924364480067, 6.26448613499387, 2.194169463576369, 7.4401724784888685, -8.951220453644408],[-4.712875199020454, -7.33126627436768, -4.089126637389951, -1.4164092525811274, -3.4147792726043154],[5.939771234777439, -0.16570616841227448, 6.296394148378564, 4.602264475526763, 0.20876298666468784],[-1.2461979057144141, 6.254647669336862, -8.369691222732424, -3.0293077008076814, -3.324386486319659],[-3.7821516475965637, -1.4626032534246942, 2.870594475656132, -6.6262111303986, 5.9706678159978726],[0.6180695526009572, -6.0422960281404725, 7.671478892901597, 3.9270782625552396, 3.5596246537129197],[-8.97979687402971, -5.0762014187749305, 4.816505080897937, 0.48367836524437635, 2.778661628825631],[-8.934451604758387, -0.7496888127824448, -5.574252303564034, 2.8689717616092807, 9.572494684403377]];biases=[-9.789043400213371, -5.99790651309235, 3.5484000436248877, 7.047278182649961, -6.599369707521944, -9.717544643473877, 8.862404661751128, -1.153580434426523, -7.468096193596267, -7.678161238228272, 5.04478555821324, 0.39122274965003534, 3.483410443035188, -9.608061681991009, 4.1896985318349085, 2.99541888062517];activationFunc=ReLu}
layer1: Layer{weights=[[-3.2145113635704163, 6.296132972454853, -1.0100165449871774, 1.9687562490241284, -1.8033464819691503, 6.245654429407516, 6.812491649158435, 8.420204694611925, 9.791040630768194, 7.984496667691509, -8.068109169660922, -7.430247055951433, -0.03828215483559916, -5.801615575864345, 0.4066234870707408, 2.7971938398673437],[5.316288751650717, 4.304096004584503, -2.2643261342908394, -8.946367026947213, -4.252679747054373, -6.508251081662559, 6.161608955828612, -8.381382853985333, 9.82713484626283, -8.196387123137134, -9.958774444205908, 1.0917155760752717, -7.654320011327867, -8.51114375343457, 3.317387276328141, 2.635485382400841],[5.506593090841507, -9.242789590682186, 2.070372557747957, 1.9533485620569184, -9.073212439076627, 3.2429218832087603, 6.612149219095972, 1.6523583092199097, -9.77017421722606, -1.4574629800362633, 1.8664646905362137, -1.8195149935485162, -9.26231996305515, 1.9389901637654638, -8.381809341957688, -0.7889175772815413],[9.270069169229888, -3.023025025578905, 2.9686090203587376, 0.6970298541942572, -5.359496064065537, -4.399662179086661, 7.045414239618417, 0.4053706343257666, -7.831046178123771, 9.731012945768803, 3.9762271268900147, 2.406471414584887, -3.721050566839212, -1.7758732385775033, -5.5311977545717035, 5.513050283190497],[8.469229722586462, -7.174216068487029, -5.179749713310904, 3.7975429361047315, 7.721214123495301, -0.9556610999862905, 5.784077335751814, 9.72806663511382, 2.4511499177601443, -2.2834083487224044, -3.87459611694635, 4.469890096954197, -1.13382814519996, -5.3974574105407775, 6.009882402596254, -5.053460006240917],[-9.82240065188391, 5.475634188239978, 4.158220425603137, -9.399590315684154, 3.832198778634348, -0.7958321026844359, 3.4576334704538993, -8.211217176268534, 6.750114339101366, -8.162189231715049, 3.9439061944278198, 6.875307689191864, 9.437983434490192, 8.668997539135756, 7.126177097200596, -1.3437495883686772],[7.000982697344654, -5.961121728945475, -9.61610438264838, 3.168507427630953, 0.929963770759457, -2.921593459528715, 3.515870472920824, -6.0891587113437184, -3.5847157952990294, -5.157828786968615, -1.4870047674370177, -1.8241080525380777, 9.410111266662518, 7.085447075470764, 1.0495450961871011, 4.839977729705767],[-3.822876527789112, -9.021839744139239, -2.3457947541782325, 0.646823245239931, 6.0467946506188, -6.0552371543018735, 8.218289250440932, -9.721015189225621, -4.021711249874908, 9.823128918428669, 8.13904852946759, -4.364606751806754, -7.7555340802026755, 0.13960558103982557, -3.005334084808604, 7.5441411517322905],[-3.594858853977046, -8.113902154731075, -5.426106691289585, -4.2818976256971375, 4.160841628844054, -2.2203275293741793, -0.6040828455263476, 4.68307206994073, -9.322777467407924, -0.4947976901343374, -1.261556162489283, -5.866196721293213, -1.0354927764847943, 8.432469152114262, 7.7887038016723835, 8.394836858991383],[1.8303245372281562, 3.191557224194268, -2.192476654639581, 2.7936720856744373, 8.44358339267109, -8.782531656683997, -9.938549908831963, -1.2735990636373806, -9.0544051954845, -7.686245544730879, -8.592708895111617, -5.519063365327479, 3.7535535214901756, 1.138441064729978, 8.343934398657375, 4.603824980525641],[-6.742658194999171, 8.075646423680244, 3.992722755792414, -2.0145505972604187, -5.173287806799063, -1.7264481893645858, 5.311862628989523, -1.3341571363461409, -0.19435986822620777, -7.467825166934816, -4.065629374038777, -4.014647192446326, -9.546460070329378, 5.708481737172688, 4.746691262547444, 8.381671369716262],[-7.291678118579316, 0.3342104042413041, -8.676928765046227, 7.447039001131273, 1.3457798400134564, -2.388118135199006, 9.26487700391139, -1.4155759814588649, 4.523828446424805, -7.769585041241472, -5.786047680584043, -5.454449949297153, -5.433171875621461, 2.9257397743888447, -9.210180113944995, -3.9752090984839956],[-1.6244310122109482, 8.43236921432052, 1.8061220467078538, 2.3881177515772283, -0.5849820545026834, -9.191002113188258, -5.3912019081988145, 9.333489870760353, 4.772843014356011, 5.087960338852927, -9.911732928817539, 5.232970737816968, 6.607716880589315, -4.840185454424011, -1.8193058350503826, -0.7227258541514043],[4.598604688746615, 0.4020775306090041, 4.42264445799313, -4.522569790909905, 9.096264088457406, 5.7095999427734885, -4.107630083171873, -5.913370803349432, 6.911828429671743, -3.5673622179662328, -8.210971227909312, 6.107972463566842, -5.488213385689393, -3.5995357970073556, 8.489234598145977, 2.4836363453318313],[-2.2243508836604997, -7.043150161887322, 3.8795139195789297, -7.953666818006091, 9.726084807833498, -6.208664237834953, -8.656438521454303, -6.896211577622189, 2.025388424268632, 1.291887550259263, 7.555449949484235, 7.867636666698306, 8.823827855128293, -2.8586201751726588, -8.731994068526419, 6.084955114419618],[4.375414822201609, 7.168265183686401, 2.0635507144384206, 2.5886078771673766, 3.027456694304604, -0.618252602385267, 8.42837471104168, -0.08161316342432379, -5.1194705708235455, 0.8032924762225306, 1.3154896971788688, 3.996135323015137, 8.388189740638701, 0.7639659013890849, -7.572340378696978, 3.7110988338347273]];biases=[1.9297073635130282, -3.9363096898606393, 7.992115484529023, -0.12775876150995025, -3.6516702470043905, -9.42285160299723, -7.976981888740065, 8.952630591409854, -0.15386789738298035, -4.550464088177608, 3.708479945855423, 7.966672302432407, 5.978905442598922, -0.4072288407380569, 6.514826937448056, 5.180855987390753];activationFunc=ReLu}
layer2: Layer{weights=[[9.634878746892038, -3.855806608466872, -9.696091579705206, 9.370147794368282, -3.021577891991978, -6.885888034601253, 2.241666148893046, -3.523077347233274, -0.46424775640727134, -0.5898239657007327, 3.5690183359460015, -6.175080433541766, -6.825227902462303, -4.249632832142112, 2.0735299624092924, 5.581628542486845]];biases=[-8.738435268876918];activationFunc=Sigmoid}
]
}
NeuralNetwork{
Number_of_neurons: [5,16,16,1]
layers:
[layer0: Layer{weights=[[-2.6232686142076016, -3.9584141111051707, 9.655767089076807, -4.917952290314274, 2.8619343414615486],[-3.265868880975873, -2.5911886852331616, -6.016891843832135, -7.172661605590191, -0.42114749363470594],[7.730987490454972, -6.777327770559709, 3.7444449248960012, 6.062733745634265, 6.433181662176629],[-4.020877748885885, 4.992433309582875, -1.6046206555864462, 0.9858445648683762, 5.649258947438982],[-0.8594064029040744, -8.207780135146223, 0.4070623119770218, -2.1627097486926345, -6.919890084397262],[-6.123418270185255E-4, -5.461988608336186, -0.7925248073886308, -2.538508835806022, -3.734293009909022],[4.492500220620318, 1.2577123328961264, 1.5971439472687123, 9.04943509621215, 8.24485386847276],[-4.132433636823, 1.6170925560178553, 0.3521931642574927, 8.374703872806336, 2.6061660235903172],[-3.6164924364480067, 6.26448613499387, 2.194169463576369, -3.5913316134124766, -8.951220453644408],[-4.712875199020454, -7.33126627436768, -4.089126637389951, -1.4164092525811274, -0.8786252895228195],[5.939771234777439, 1.896139912254288, 6.296394148378564, 4.602264475526763, 0.20876298666468784],[-1.2461979057144141, 6.254647669336862, -8.369691222732424, 1.2013670637071314, -3.324386486319659],[-3.7821516475965637, -2.1198165187406186, 2.870594475656132, -5.978740401113287, 5.9706678159978726],[9.415803654540351, -6.0422960281404725, 7.671478892901597, 3.9270782625552396, 3.5596246537129197],[-8.97979687402971, -5.0762014187749305, 4.816505080897937, 7.394139142278256, 2.778661628825631],[-8.934451604758387, -0.7496888127824448, -5.574252303564034, 2.8689717616092807, 9.572494684403377]];biases=[-9.789043400213371, -5.99790651309235, 3.5484000436248877, 7.047278182649961, -6.599369707521944, -9.717544643473877, 1.2934061999426483, -1.153580434426523, -7.468096193596267, -7.678161238228272, 5.04478555821324, 0.39122274965003534, 3.483410443035188, -9.608061681991009, 4.1896985318349085, 2.99541888062517];activationFunc=ReLu}
layer1: Layer{weights=[[-3.2145113635704163, 6.296132972454853, -1.0100165449871774, 1.9687562490241284, -1.8033464819691503, 6.245654429407516, -5.814222492581928, 8.420204694611925, 9.791040630768194, -0.2689112061911416, -8.068109169660922, -7.430247055951433, -6.857040732402185, -5.801615575864345, 0.4066234870707408, 2.7971938398673437],[5.316288751650717, 4.304096004584503, -2.4463254661119382, -8.946367026947213, -4.252679747054373, -6.508251081662559, -2.0447136248669455, 9.741283998383423, 9.82713484626283, -8.196387123137134, -9.958774444205908, 1.0917155760752717, -7.654320011327867, -8.51114375343457, 3.317387276328141, 2.635485382400841],[3.861143701709924, -9.242789590682186, 8.575235362822053, 1.9533485620569184, -9.073212439076627, 3.2429218832087603, 6.612149219095972, 1.6523583092199097, -9.77017421722606, -1.4574629800362633, 1.8664646905362137, -1.8195149935485162, -9.26231996305515, 1.9389901637654638, -8.381809341957688, -0.7488963225792489],[9.270069169229888, -3.023025025578905, 2.9686090203587376, 0.6970298541942572, -8.836895217877043, -4.399662179086661, 7.045414239618417, 0.4053706343257666, -7.831046178123771, 9.731012945768803, 3.9762271268900147, 2.406471414584887, -3.721050566839212, -1.7758732385775033, -5.5311977545717035, 5.513050283190497],[8.469229722586462, -7.174216068487029, -5.179749713310904, 3.7975429361047315, 7.721214123495301, 9.457996446806135, 5.784077335751814, 1.399098808680126, 2.4511499177601443, -2.2834083487224044, 1.6592638533777553, 4.469890096954197, -1.13382814519996, -5.3974574105407775, 6.009882402596254, -5.053460006240917],[-9.82240065188391, 5.475634188239978, 7.926773271941457, -9.399590315684154, 3.832198778634348, -4.616168824663682, 3.4576334704538993, 3.1837638916098037, 6.750114339101366, 3.395044236258107, 3.9439061944278198, 6.875307689191864, -0.9742194396217219, 8.668997539135756, 7.126177097200596, -1.3437495883686772],[-2.652115012867567, -5.961121728945475, -9.61610438264838, 3.168507427630953, 0.929963770759457, -2.921593459528715, 3.515870472920824, -7.19563000055055, -3.5847157952990294, -5.157828786968615, -1.4870047674370177, -1.8241080525380777, -9.416266001885102, 4.586767429003498, 1.0495450961871011, 4.839977729705767],[-3.822876527789112, -2.3780970204021052, -2.3457947541782325, 0.646823245239931, 6.0467946506188, -6.0552371543018735, 8.218289250440932, -9.721015189225621, -4.021711249874908, 9.823128918428669, 8.13904852946759, -4.364606751806754, -7.7555340802026755, 0.13960558103982557, 0.3653281767550318, -4.010339788237529],[-3.594858853977046, -8.113902154731075, -5.426106691289585, -4.2818976256971375, 1.0836741819000846, -2.2203275293741793, -0.6040828455263476, 4.68307206994073, -9.322777467407924, -0.4947976901343374, -1.261556162489283, -5.866196721293213, -1.0354927764847943, 8.432469152114262, 7.7887038016723835, 8.394836858991383],[1.8303245372281562, 3.191557224194268, -2.192476654639581, 2.7936720856744373, 8.44358339267109, 0.17294671602275535, -9.938549908831963, 5.5333988771989535, 4.526850871751943, -7.686245544730879, -6.051000493070364, -5.519063365327479, 3.7535535214901756, 1.138441064729978, 8.343934398657375, 4.603824980525641],[-6.742658194999171, 8.075646423680244, 3.992722755792414, -2.0145505972604187, -5.173287806799063, -1.7264481893645858, 5.311862628989523, -1.3341571363461409, -0.19435986822620777, -7.467825166934816, 5.409291973573199, -4.014647192446326, -9.546460070329378, 5.708481737172688, 4.746691262547444, 2.526315321581645],[9.64014550042323, 0.3342104042413041, -8.676928765046227, 7.447039001131273, -5.334384818610194, -2.388118135199006, 9.26487700391139, -1.4155759814588649, 4.523828446424805, -7.769585041241472, -5.786047680584043, -5.454449949297153, -5.433171875621461, 2.9257397743888447, -9.210180113944995, -3.9752090984839956],[5.834657970376252, 8.43236921432052, 1.8061220467078538, 2.3881177515772283, -0.5849820545026834, -9.191002113188258, -5.3912019081988145, 9.333489870760353, 4.772843014356011, 5.087960338852927, -9.911732928817539, 5.232970737816968, 6.607716880589315, -4.840185454424011, 5.123320383533809, -0.7227258541514043],[-6.071368337493277, 0.4020775306090041, 4.42264445799313, -4.522569790909905, 9.096264088457406, 5.7095999427734885, -4.107630083171873, -5.913370803349432, 6.911828429671743, -3.5673622179662328, -7.125398719153402, 6.107972463566842, -5.488213385689393, 1.8589504518209132, 8.489234598145977, 2.4836363453318313],[-2.2243508836604997, -7.043150161887322, 3.8795139195789297, -7.953666818006091, 9.726084807833498, -6.208664237834953, -8.656438521454303, -6.896211577622189, 2.025388424268632, 1.291887550259263, 7.555449949484235, 7.867636666698306, 8.823827855128293, -0.2908808194496153, -0.7650553575125407, 6.084955114419618],[4.375414822201609, 7.168265183686401, 2.0635507144384206, 2.5886078771673766, -0.7702450107290364, -0.618252602385267, 8.42837471104168, -9.557210094072047, -5.1194705708235455, 0.8032924762225306, 1.3154896971788688, 3.996135323015137, 8.388189740638701, 0.7639659013890849, 0.20441885999299636, -1.6463490443381374]];biases=[1.9297073635130282, -3.9363096898606393, 7.992115484529023, -0.12775876150995025, -3.6516702470043905, -9.42285160299723, -7.976981888740065, 9.278277736142567, -0.15386789738298035, -4.550464088177608, 3.708479945855423, 7.966672302432407, 5.978905442598922, -0.4072288407380569, -4.118161831129006, 5.180855987390753];activationFunc=ReLu}
layer2: Layer{weights=[[9.634878746892038, -3.855806608466872, 1.7630884219075575, 9.370147794368282, -3.021577891991978, -6.885888034601253, 2.241666148893046, 5.532682678097689, -0.46424775640727134, -0.5898239657007327, -0.6464274397761365, -6.175080433541766, 0.7645110912072646, -4.249632832142112, 2.0735299624092924, 5.581628542486845]];biases=[-8.738435268876918];activationFunc=Sigmoid}
]
}
NeuralNetwork{
Number_of_neurons: [5,16,16,1]
layers:
[layer0: Layer{weights=[[6.592124517579922, -3.9584141111051707, 9.655767089076807, -4.917952290314274, 2.8619343414615486],[-9.854796100367007, -2.5911886852331616, -6.016891843832135, -7.172661605590191, -0.42114749363470594],[7.730987490454972, -6.777327770559709, 3.7444449248960012, 6.062733745634265, 6.433181662176629],[-4.020877748885885, 4.992433309582875, -1.6046206555864462, 0.9858445648683762, 5.649258947438982],[-0.8594064029040744, -8.207780135146223, 0.4070623119770218, -2.1627097486926345, -6.919890084397262],[-6.123418270185255E-4, -5.461988608336186, 8.216619983435216, -2.538508835806022, 0.7000299269318084],[5.549092672472355, 1.2577123328961264, -9.873426501053096, 9.04943509621215, 8.24485386847276],[-4.132433636823, 1.6170925560178553, 0.3521931642574927, 8.374703872806336, -8.390470341825269],[-3.6164924364480067, 6.26448613499387, 2.194169463576369, 5.63202313424361, -8.951220453644408],[-4.712875199020454, -7.33126627436768, -4.089126637389951, -1.4164092525811274, -3.4147792726043154],[5.939771234777439, 1.896139912254288, -2.1888613788687916, 4.602264475526763, -5.1113058757353835],[-1.2461979057144141, 6.254647669336862, -8.369691222732424, -3.0293077008076814, -3.324386486319659],[-3.7821516475965637, -1.4626032534246942, 2.870594475656132, -5.978740401113287, 5.9706678159978726],[0.6180695526009572, -6.0422960281404725, 7.671478892901597, 3.9270782625552396, 3.5596246537129197],[-8.97979687402971, -5.0762014187749305, -3.9003319300660806, 7.394139142278256, 2.778661628825631],[-8.934451604758387, -0.7496888127824448, -5.574252303564034, 2.8689717616092807, -0.6307072274176875]];biases=[-9.789043400213371, -5.99790651309235, 3.5484000436248877, 7.047278182649961, -6.599369707521944, -9.717544643473877, 8.862404661751128, -1.153580434426523, -7.468096193596267, -7.678161238228272, 5.04478555821324, 0.39122274965003534, 3.483410443035188, -9.608061681991009, 4.1896985318349085, 2.99541888062517];activationFunc=ReLu}
layer1: Layer{weights=[[-3.2145113635704163, 3.827553638235342, -1.0100165449871774, 1.9687562490241284, -1.8033464819691503, 6.245654429407516, 4.859337863399231, 8.420204694611925, 9.791040630768194, 7.984496667691509, -8.068109169660922, -7.430247055951433, -0.03828215483559916, -5.801615575864345, 0.4066234870707408, 2.7971938398673437],[5.316288751650717, 4.304096004584503, -2.4463254661119382, -8.946367026947213, -4.252679747054373, -6.508251081662559, 6.161608955828612, -8.381382853985333, 9.82713484626283, -8.196387123137134, 2.758595096100361, 1.0917155760752717, -7.654320011327867, 7.280174356813468, 3.317387276328141, 2.635485382400841],[5.506593090841507, -5.892247103219919, 8.575235362822053, 1.9533485620569184, -9.073212439076627, 3.2429218832087603, 6.612149219095972, 1.6523583092199097, -9.77017421722606, -1.4574629800362633, 1.8664646905362137, -1.8195149935485162, -9.26231996305515, 1.9389901637654638, -8.381809341957688, -0.7488963225792489],[9.270069169229888, -3.023025025578905, -5.77354549834177, 7.273885351532925, -5.359496064065537, -4.399662179086661, 7.045414239618417, 0.4053706343257666, -7.831046178123771, 9.731012945768803, 3.9762271268900147, 2.406471414584887, -3.721050566839212, -1.7758732385775033, -5.5311977545717035, 5.513050283190497],[-7.440500876680575, -7.174216068487029, -5.179749713310904, 3.7975429361047315, 7.721214123495301, 9.457996446806135, 5.784077335751814, 1.399098808680126, 2.4511499177601443, -2.2834083487224044, -3.87459611694635, 4.469890096954197, -1.13382814519996, -5.3974574105407775, 6.009882402596254, -5.053460006240917],[-9.82240065188391, 5.475634188239978, 4.158220425603137, -9.399590315684154, 3.832198778634348, -4.616168824663682, 3.4576334704538993, 3.1837638916098037, 6.750114339101366, 3.395044236258107, -1.8910294288807545, 6.875307689191864, 9.437983434490192, -0.4203437097055769, 7.126177097200596, -1.3437495883686772],[-2.652115012867567, -5.961121728945475, -9.61610438264838, 3.168507427630953, -2.4523825195886566, -2.921593459528715, 3.515870472920824, 2.9476550215858133, -3.5847157952990294, -5.157828786968615, -1.4870047674370177, -1.8241080525380777, 9.410111266662518, 4.586767429003498, 1.0495450961871011, 4.839977729705767],[-3.822876527789112, -9.021839744139239, -2.3457947541782325, 0.646823245239931, -3.409787423085908, 8.654663156757628, 8.218289250440932, -9.721015189225621, -4.021711249874908, 9.823128918428669, 8.13904852946759, -4.364606751806754, -7.7555340802026755, 0.13960558103982557, 0.3653281767550318, -4.010339788237529],[-3.594858853977046, -8.113902154731075, -2.0962045573768506, -4.2818976256971375, 4.160841628844054, -2.2203275293741793, -0.6040828455263476, 4.68307206994073, 5.653802829312575, -0.4947976901343374, -1.261556162489283, 0.918885999544564, -1.0354927764847943, 8.432469152114262, 7.7887038016723835, 8.394836858991383],[1.8303245372281562, 3.191557224194268, -2.192476654639581, 2.7936720856744373, 8.44358339267109, -8.782531656683997, -9.938549908831963, 5.644588845609793, 4.526850871751943, -7.686245544730879, -6.051000493070364, -5.519063365327479, 3.7535535214901756, 2.463270097821198, 8.343934398657375, 4.603824980525641],[-6.742658194999171, 8.075646423680244, 3.992722755792414, -2.0145505972604187, -5.173287806799063, -1.7264481893645858, 5.311862628989523, 7.710580688025438, -0.19435986822620777, -7.467825166934816, -4.065629374038777, -4.014647192446326, -9.546460070329378, 5.708481737172688, 4.746691262547444, 2.526315321581645],[9.64014550042323, 0.3342104042413041, -8.676928765046227, 7.447039001131273, -9.231708181433461, -2.388118135199006, 9.26487700391139, -1.4155759814588649, 4.523828446424805, -7.769585041241472, -5.786047680584043, 6.561300069072928, -5.433171875621461, 2.9257397743888447, -9.210180113944995, -3.9752090984839956],[-4.8327887057389995, 8.43236921432052, 1.8061220467078538, 2.3881177515772283, -0.5849820545026834, -9.191002113188258, -5.3912019081988145, 9.333489870760353, 4.772843014356011, 5.087960338852927, -9.911732928817539, 5.232970737816968, 6.607716880589315, -4.840185454424011, -1.8193058350503826, -0.7227258541514043],[-6.071368337493277, 0.4020775306090041, 4.42264445799313, -4.522569790909905, 9.096264088457406, 5.7095999427734885, -4.107630083171873, -5.913370803349432, 6.911828429671743, -3.5673622179662328, -8.210971227909312, -0.3745701722253685, -5.488213385689393, 4.29394325117056, 5.578374405702043, 2.4836363453318313],[-2.2243508836604997, -7.043150161887322, -2.2219891215708865, -7.953666818006091, 9.726084807833498, -6.208664237834953, -8.656438521454303, -6.896211577622189, 2.025388424268632, 1.291887550259263, 7.555449949484235, 7.867636666698306, 8.823827855128293, -1.199798606643153, -8.731994068526419, 6.084955114419618],[4.375414822201609, 7.168265183686401, 2.0635507144384206, 2.5886078771673766, 3.027456694304604, -0.618252602385267, 8.42837471104168, -9.557210094072047, -5.1194705708235455, 0.8032924762225306, 1.3154896971788688, 3.996135323015137, 8.388189740638701, 0.7639659013890849, 0.20441885999299636, -1.6463490443381374]];biases=[1.9297073635130282, -3.9363096898606393, 7.992115484529023, -0.12775876150995025, -3.6516702470043905, -9.42285160299723, -7.976981888740065, 9.278277736142567, -0.15386789738298035, -4.550464088177608, 3.708479945855423, 7.966672302432407, 5.978905442598922, -0.4072288407380569, -4.118161831129006, 5.180855987390753];activationFunc=ReLu}
layer2: Layer{weights=[[9.634878746892038, -3.855806608466872, -9.696091579705206, 9.370147794368282, -3.021577891991978, -6.885888034601253, 2.241666148893046, 5.532682678097689, -0.46424775640727134, -0.5898239657007327, 3.5690183359460015, -6.175080433541766, -6.825227902462303, -4.249632832142112, 2.0735299624092924, 5.581628542486845]];biases=[-3.95114304352491];activationFunc=Sigmoid}
]
}