x= 290.0
generationNumber= 2
bestScore= 10425558
radius= 12.0
maxPipeX= 1060.0
floorY= 540.0
mutationChance= 0.1
max_bias= 10.0
min_bias= -10.0
max_weight= 10.0
min_weight= -10.0
NeuralNetwork{
Number_of_neurons: [5,16,16,1]
layers:
[layer0: Layer{weights=[[-0.6349089594047221, -6.60153054320814, 8.121123402268687, -7.829363404655316, 2.6282073880603996],[1.4957000832720588, 2.5508148791268077, -8.530213786421788, -5.5928050474637425, 9.354002160384304],[8.04741374055832, -1.4427638548364836, -6.915188184781325, -5.562015572005863, -6.227444167845855],[-7.296321470624894, 7.932507028669207, -5.9496341620655, 4.942175757392773, -4.377515660292257],[4.012714287965373, -8.27422176428222, -4.480658716262145, 9.698506395025003, -8.898452642284587],[4.810835195005684, -2.495529624861083, -8.271694813571251, -1.9075264247753232, 6.281991938923923],[-1.54273357560594, -1.7210030361936681, -7.82643543855484, 4.942275645367378, -2.8786913426906473],[-6.267824794952956, 5.52796058337654, -3.219942908738169, -2.600062372091978, 8.15079581834706],[1.3892123864120425, -6.0454629472900105, -8.785237833406619, 8.316182356292178, 5.9901957598270705],[6.395246916442574, 2.330577392832172, 2.441330319246603, -6.723672472969707, 4.418535250815712],[4.586244469907793, -6.145581590231021, -4.789157406012762, -2.0498086528829296, 7.921949599776976],[-9.891788740037592, 2.081921634501809, -7.614200349973883, 4.747225038830907, -7.103178615819148],[-5.571513550314893, 4.592567003988869, 7.577672140785367, 5.472964959537647, -8.966475319513588],[-1.1375085786097667, -4.058401076046875, -1.2582271340217037, 5.890818500799551, -3.002827368035444],[7.3302479493182595, 0.1591684237586417, 1.1329966533355815, 1.3116665916743635, -4.051808547030458],[7.416365933365839, 2.6158568353612637, 0.6324867963186716, 3.048536717574157, 4.130486539793353]];biases=[-9.814066122064485, 7.055158693334455, 9.285141495862533, 6.420091722526177, 5.615322562758056, -3.939019626439844, -8.171039884609211, -8.223914850166942, -2.2302024831957956, -6.726538580978627, -9.84064486447566, 6.514027084493815, 6.783299562023242, -2.7808351262876023, 4.00572432663717, -2.7478009057904496];activationFunc=ReLu}
layer1: Layer{weights=[[-3.15611079761614, 7.6479725941639, 1.967450823989541, -4.570306999323512, 0.6533053915988027, 4.005500994467932, -1.4324641790617996, 9.679590610238265, -2.29570743351172, 8.257492021401585, -3.8540245132786355, 7.298082770201301, -6.773109475341956, -9.495703349443739, -8.796857254809936, -6.898853503789222],[-5.013083505305818, 7.542780996739754, 4.538046749147799, 1.6361927823041853, 9.9387464993818, -4.826287230690163, 9.659620530625183, 1.521827741945934, -6.578245151677454, 3.1324424735630334, -4.156279110493577, 3.575005270287779, -1.071483353004501, 4.326007436871151, -0.2719513251627781, 0.074398412899356],[-6.958507329653871, 7.339288379156784, -7.518265135355399, 0.4070582322241716, -1.0787888529187732, 5.22814130538594, -1.6441337925305017, -5.506860147194386, -0.4524161003295841, 4.197215646924132, 4.815754082865453, -5.468289044005276, 9.754728303036778, 0.08218205020418168, 4.475289417455334, 3.800208368208475],[-9.46307371121254, 7.824813284649814, 5.510546800188106, -2.123751172494681, 8.922229150622872, -2.3055622619381255, -7.999079203561072, -8.489270505932078, -6.707748454295928, -3.0310250958781477, 5.285092932914816, -2.1290636932959117, 6.23371742426912, 2.719035544325113, -5.550328030976736, 2.9491698422460555],[-5.668754090066717, -2.451748959402318, -0.9258794540949538, -9.943845849352273, 1.8328727735639347, -8.791917229832627, -4.363875948956039, 6.1611489252096945, 9.974373940264407, -4.83187270561036, -8.879425910980945, -2.600259949955319, 6.910419355415883, 1.3925220842371075, 5.896456700177467, -1.9751734375048322],[-2.0360487073496314, 1.4363514656851315, 9.382761811026118, -8.148716447517327, 0.31715091477875745, -2.5357832955824833, 8.294061402467051, -4.885353655367124, -2.0673553631607593, 2.906433822292236, -0.8490629829438028, -4.928872001860716, -0.7202596041271825, 7.206584236110391, 4.259974282388557, -7.900662621536785],[4.837598268616205, 6.477446204623458, -1.1714969418232517, -7.1666730609490825, 7.422455345806178, -0.12940706434076965, -6.878755572925803, 9.848061408863899, -9.870792627369845, 2.3863668842592407, -3.1929601162752324, -2.5211959927403393, 8.297910579795765, 5.624241595623134, 4.970369585049244, 1.9978042308500825],[-6.595396510250802, -7.535753019408982, 3.023162619734423, 9.198721171088437, -3.518483525064335, 2.903656244047639, -9.537639346562734, 8.425004984356605, -9.374220585979117, 0.9548655691508969, -3.907807460257093, 6.805047507924236, -7.5280378581254155, 4.993916360782071, 3.0584700102762703, -6.842384597050213],[5.398766205189462, 4.545613597386698, 4.029909179263697, -3.7931625791155383, 0.48323363099356875, 2.167748422349568, 9.971991136782862, 7.546817449154883, -9.756907889978546, -4.017969822355272, 2.07942081713907, 6.221711793985605, -2.472670354520181, -9.038906302682753, 1.5987781164147457, 6.8216988319466125],[9.74239528835189, -7.6536305125253445, -0.5836831425939231, -3.1993306266246595, -3.4348111184977137, 5.157436916037545, 8.94262022770533, 0.5685478563932058, 3.4816530472860237, 6.7805225546322845, -1.4559446805394352, 9.387308903882634, -2.346419435132823, -4.922247903062291, 8.980590765419016, 7.372603693425624],[-3.388117225286525, 1.377941848198411, 5.743399056828125, -3.011103276458071, 7.430873489204895, 6.099195613970622, 9.472740440632496, 1.76752980820876, 9.129969291533037, -4.301458322779834, 2.906436558191709, 6.5394780783392505, -5.671734854431037, 2.8783009000762423, -4.9927595272266085, 5.503595744632253],[3.3460247124777176, 0.5351912071743836, 7.915645497326928, -9.988796121502187, -5.325400682815173, -8.761152763867619, -2.7373249275934803, -6.947025422799569, 2.318314908221204, 0.4753910188524113, 3.526758357878899, -2.538046239134486, 3.4948209660518863, -7.359198172497885, -4.176534930571272, -9.930096574324686],[9.891757858888298, 1.8840685560870174, -4.137872010899793, -7.5013347061023445, -3.9570633332321625, 5.475541959247391, -8.292739008040712, 2.6286928472401083, -8.563977113000858, 2.3378068108926264, 6.310028501534951, -0.6166451108830522, -4.336952878014763, -6.385305899855855, -2.329098943605006, -0.6592139096177352],[5.807652620725731, 7.017317646189355, 4.779609867436207, 8.324002036190702, -8.57510427327869, 2.174312360070328, -1.4447479518848212, 5.608938070090613, -8.79616371244432, 3.5416559607882334, -1.55364672708515, -9.371107239012105, -4.773411930096847, -1.5537041897375268, 9.471699906931683, 9.84338576080421],[0.6237202562654165, -4.78085505264592, 4.424361335251524, 1.7394314945514466, 0.9410391973108574, -5.674836297516115, -8.765504366748036, -4.445178490681445, -1.0217702387325716, -0.9433106799543705, 2.2576879457160555, -4.673136352767502, 1.8400300491869714, -8.441679487348097, -5.759725978141354, 8.218265601190662],[0.6811880462360591, -0.16697981774570891, 5.333872195155436, -3.429203661719389, -2.143352826030589, -3.85207268823004, -8.655671723584744, 4.159186320033113, -3.8661437257551263, 1.5865763669191235, 9.310280271652616, 8.866676895172134, -8.986994028651221, -3.397321282139374, 9.323162354209348, 9.642816780872185]];biases=[-2.9897020007996016, 7.076717852674623, 2.661809834970054, 9.04035119483142, -7.783618293213723, -1.2235374768109768, -0.23565852120284703, 4.216602090388847, 4.524117690672462, -3.157919797476332, 0.059549719143149105, -8.852175410548188, -2.6672950921225347, 9.395437991889878, 5.467024792934847, 4.825238350279742];activationFunc=ReLu}
layer2: Layer{weights=[[5.220565564529949, -2.4042333617424783, -8.916489610825579, 3.9383571748257946, -2.200273369934904, -3.35401269420883, 1.368848896051718, -5.7244102980868306, 8.019861451616862, 0.2413251159670171, 9.454203829383907, -7.940991157677713, 7.805440132706558, -2.8926696162557537, -5.285239611724657, 8.95039726808437]];biases=[3.2148617603404066];activationFunc=Sigmoid}
]
}
NeuralNetwork{
Number_of_neurons: [5,16,16,1]
layers:
[layer0: Layer{weights=[[-0.6349089594047221, -6.60153054320814, 8.121123402268687, -7.829363404655316, 2.6282073880603996],[1.4957000832720588, 2.5508148791268077, -8.530213786421788, -5.5928050474637425, -9.924187289114716],[8.04741374055832, -1.4427638548364836, -6.915188184781325, -5.047440466739155, -6.227444167845855],[-7.296321470624894, 7.932507028669207, -5.9496341620655, 4.942175757392773, -4.377515660292257],[4.012714287965373, -8.27422176428222, -0.33260216465216885, 1.4799615522790788, -8.898452642284587],[4.810835195005684, -2.495529624861083, -8.271694813571251, -1.9075264247753232, -1.751861014402298],[-9.302562036865773, -1.7210030361936681, -7.82643543855484, 4.942275645367378, -2.8786913426906473],[-6.267824794952956, 5.52796058337654, -2.8620657872135613, -8.200615502636357, 8.15079581834706],[1.3892123864120425, -6.0454629472900105, -8.785237833406619, 8.316182356292178, 5.9901957598270705],[-1.7621947960258773, 2.330577392832172, 2.441330319246603, -6.723672472969707, 4.418535250815712],[4.586244469907793, -6.145581590231021, -4.789157406012762, -2.0498086528829296, 7.921949599776976],[-9.891788740037592, 2.081921634501809, -7.614200349973883, -1.8771914554095286, -7.103178615819148],[-5.571513550314893, 4.592567003988869, -6.053108304269403, 8.280381452433161, -8.966475319513588],[-1.1375085786097667, -9.82254066577992, 0.34760026485450624, 5.890818500799551, -3.002827368035444],[7.3302479493182595, 0.1591684237586417, 1.1329966533355815, 1.3116665916743635, -4.051808547030458],[7.416365933365839, 2.6158568353612637, 0.6324867963186716, -1.0282230239205106, 4.130486539793353]];biases=[-9.814066122064485, 7.055158693334455, 9.285141495862533, 6.420091722526177, 5.615322562758056, -3.939019626439844, -8.171039884609211, -8.223914850166942, -2.2302024831957956, 6.586954812380515, -9.84064486447566, 6.514027084493815, 8.482100093913512, -2.7808351262876023, 4.00572432663717, -2.7478009057904496];activationFunc=ReLu}
layer1: Layer{weights=[[-4.620472937566555, 7.6479725941639, 1.967450823989541, -4.570306999323512, 0.6533053915988027, 4.005500994467932, -1.4324641790617996, 9.679590610238265, -2.29570743351172, 8.257492021401585, 0.6990452504547999, -0.06267730284140072, -6.773109475341956, -9.495703349443739, -8.796857254809936, -6.898853503789222],[-5.013083505305818, 7.542780996739754, 4.538046749147799, 1.6361927823041853, 1.076900135901992, -4.826287230690163, 9.659620530625183, 1.521827741945934, -6.578245151677454, 3.1324424735630334, -4.156279110493577, 3.575005270287779, -1.071483353004501, 9.970923781381632, -0.2719513251627781, 0.074398412899356],[-6.958507329653871, 7.339288379156784, -7.518265135355399, 0.4070582322241716, -1.0787888529187732, 5.22814130538594, -1.6441337925305017, -5.506860147194386, -0.4524161003295841, 4.197215646924132, 3.130143301073966, -5.468289044005276, 9.754728303036778, 0.08218205020418168, 7.3066417404866755, 3.800208368208475],[-9.46307371121254, 0.21619500893732102, 5.510546800188106, -2.123751172494681, 8.922229150622872, -2.3055622619381255, -7.999079203561072, -8.54377106765594, -6.707748454295928, -3.0310250958781477, 5.285092932914816, -2.1290636932959117, 6.23371742426912, 2.719035544325113, -5.550328030976736, 2.9491698422460555],[-5.160630640845946, -2.451748959402318, -0.9258794540949538, -9.943845849352273, 1.8328727735639347, -7.609376192057315, -4.363875948956039, 6.1611489252096945, 9.974373940264407, -4.83187270561036, -8.879425910980945, -2.600259949955319, 6.910419355415883, 1.3925220842371075, 5.896456700177467, -2.2212494046007265],[-2.0360487073496314, 1.4363514656851315, 9.382761811026118, 1.40265847672012, 0.31715091477875745, 7.26702745240377, 8.294061402467051, -5.373247498967995, -2.0673553631607593, 2.906433822292236, -0.8490629829438028, -3.818509469525053, -0.7202596041271825, 7.206584236110391, 2.1402414922177275, -7.900662621536785],[3.4650351506019845, 6.477446204623458, -1.1714969418232517, -7.1666730609490825, 7.422455345806178, -0.12940706434076965, -6.878755572925803, 9.848061408863899, 2.6514670107735405, -7.738430883514605, -3.1929601162752324, -2.5211959927403393, 8.297910579795765, 5.624241595623134, 4.970369585049244, -0.9093508271067208],[-6.595396510250802, -6.133452468896579, 3.023162619734423, 9.198721171088437, -3.518483525064335, 2.903656244047639, -8.671081938679453, 8.425004984356605, -9.374220585979117, 0.9548655691508969, -3.907807460257093, -9.639088875286145, -7.5280378581254155, 4.993916360782071, 3.0584700102762703, -0.809714541918872],[5.398766205189462, 0.9397665251880216, 4.029909179263697, -3.7931625791155383, -7.780479677199201, 2.167748422349568, 9.971991136782862, 7.546817449154883, -9.756907889978546, -4.017969822355272, 1.9497325618125831, 6.221711793985605, -2.472670354520181, 0.7102017135935093, -3.0289511460617664, 8.837902903370196],[9.74239528835189, -7.6536305125253445, -0.5836831425939231, -3.1993306266246595, 6.794760400644208, 5.157436916037545, -6.443910509739144, -8.877681865425963, 3.4816530472860237, 6.7805225546322845, -0.8631950643662982, 9.387308903882634, -2.346419435132823, -4.922247903062291, 8.980590765419016, 7.372603693425624],[-3.388117225286525, 1.377941848198411, 2.3747492404022594, 2.6628804789748184, 7.430873489204895, -7.277031884698042, 9.472740440632496, 1.76752980820876, 9.129969291533037, 4.349907428576101, 2.906436558191709, 6.5394780783392505, -5.671734854431037, 2.8783009000762423, -4.9927595272266085, 5.503595744632253],[3.3460247124777176, 0.5351912071743836, -8.724812770996678, -8.8703009465865, -5.325400682815173, -8.761152763867619, -2.7373249275934803, -6.947025422799569, 2.318314908221204, 0.4753910188524113, 3.526758357878899, 9.684923595852144, 2.71889522872719, -7.359198172497885, -4.176534930571272, 9.816854482641343],[9.891757858888298, 1.8840685560870174, -4.137872010899793, -3.332305732142391, -3.9570633332321625, 5.475541959247391, 1.3735212246322543, -3.9605209794854552, -6.617998013779496, 9.36304588712186, 6.310028501534951, -0.6166451108830522, -4.336952878014763, -6.385305899855855, -2.329098943605006, -0.6592139096177352],[5.807652620725731, 7.017317646189355, 4.779609867436207, 8.324002036190702, -8.57510427327869, 2.174312360070328, -1.4447479518848212, 5.608938070090613, -8.79616371244432, 3.5416559607882334, -1.55364672708515, -9.371107239012105, -4.773411930096847, -1.5537041897375268, 9.471699906931683, 9.84338576080421],[-1.3535444363547384, -4.78085505264592, 4.424361335251524, 1.7394314945514466, 0.9410391973108574, -5.674836297516115, 6.912217804633464, -3.4126221546704834, -1.0217702387325716, -0.9433106799543705, 6.678151524743736, -4.673136352767502, 1.8400300491869714, -8.441679487348097, -5.759725978141354, 8.218265601190662],[0.6811880462360591, -0.16697981774570891, -0.8729244010123871, -3.429203661719389, -2.143352826030589, -3.85207268823004, 3.4996840610372377, 4.159186320033113, -3.8661437257551263, 1.5865763669191235, 1.895490912231793, 8.866676895172134, 1.6450529501845352, -6.7674830968584825, 9.323162354209348, 9.642816780872185]];biases=[7.515856796907421, 7.076717852674623, 2.661809834970054, 9.04035119483142, -7.783618293213723, -1.2235374768109768, -0.23565852120284703, 5.962286201755839, 4.524117690672462, -3.157919797476332, 0.059549719143149105, -8.852175410548188, -2.6672950921225347, 9.395437991889878, 5.467024792934847, 4.825238350279742];activationFunc=ReLu}
layer2: Layer{weights=[[5.220565564529949, -2.4042333617424783, -8.916489610825579, 3.9383571748257946, -2.200273369934904, -3.35401269420883, 1.368848896051718, -5.7244102980868306, 8.019861451616862, 0.2413251159670171, 9.454203829383907, 3.1211703586281576, 7.805440132706558, -2.8926696162557537, -5.285239611724657, 8.95039726808437]];biases=[3.2148617603404066];activationFunc=Sigmoid}
]
}
NeuralNetwork{
Number_of_neurons: [5,16,16,1]
layers:
[layer0: Layer{weights=[[-5.629240485732938, -6.60153054320814, 8.121123402268687, -7.829363404655316, 2.6282073880603996],[1.4957000832720588, 0.559675039567253, -8.530213786421788, -5.5928050474637425, 9.354002160384304],[8.04741374055832, 8.546667736333692, -6.915188184781325, -5.562015572005863, -6.227444167845855],[-7.296321470624894, 7.932507028669207, -5.9496341620655, 4.942175757392773, -4.377515660292257],[4.012714287965373, -8.27422176428222, -0.33260216465216885, -3.162502950947652, -8.898452642284587],[4.810835195005684, -2.495529624861083, -8.271694813571251, -1.9075264247753232, -1.751861014402298],[-9.302562036865773, -1.7210030361936681, -7.82643543855484, 4.942275645367378, -2.8786913426906473],[-6.267824794952956, -0.7475615748494953, -2.8620657872135613, -0.8943989749700698, 8.15079581834706],[1.3892123864120425, -6.0454629472900105, -8.785237833406619, 8.316182356292178, 5.9901957598270705],[6.395246916442574, 2.330577392832172, 3.107825155418805, -6.723672472969707, 4.418535250815712],[-4.3832022673847355, -6.145581590231021, -4.789157406012762, -2.0498086528829296, 7.921949599776976],[-9.891788740037592, 2.081921634501809, -7.614200349973883, 4.747225038830907, -7.103178615819148],[-5.571513550314893, 4.592567003988869, -4.12220999475259, -6.287911088317511, -8.966475319513588],[-1.1375085786097667, -9.82254066577992, 7.930362946992645, 5.890818500799551, -3.002827368035444],[7.3302479493182595, 0.1591684237586417, 1.1329966533355815, -6.67745871042523, -4.051808547030458],[7.416365933365839, 2.6158568353612637, 0.6324867963186716, -3.9747917447753123, 4.130486539793353]];biases=[-9.814066122064485, 7.055158693334455, 9.285141495862533, 6.420091722526177, 5.615322562758056, 2.475616751022919, -8.171039884609211, -8.223914850166942, -2.2302024831957956, -6.726538580978627, -9.84064486447566, 6.514027084493815, 6.783299562023242, -2.7808351262876023, 4.00572432663717, -2.7478009057904496];activationFunc=ReLu}
layer1: Layer{weights=[[-3.15611079761614, 7.6479725941639, 1.967450823989541, -4.570306999323512, 0.6533053915988027, 4.005500994467932, -1.4324641790617996, 9.679590610238265, -2.29570743351172, 8.257492021401585, -3.8540245132786355, 7.298082770201301, -7.841939896142518, -9.495703349443739, -8.796857254809936, -6.898853503789222],[-5.013083505305818, 7.542780996739754, 4.538046749147799, 1.6361927823041853, 1.076900135901992, -4.826287230690163, 9.659620530625183, 1.521827741945934, -6.578245151677454, 3.1324424735630334, -4.156279110493577, 3.575005270287779, -1.071483353004501, 4.326007436871151, -0.2719513251627781, 0.074398412899356],[-6.958507329653871, 7.339288379156784, 8.176342719947062, 0.4070582322241716, -4.583270396271262, 9.177912151678886, -1.6441337925305017, -5.506860147194386, -0.4524161003295841, 4.197215646924132, 8.81904568817022, -5.468289044005276, 9.754728303036778, 0.08218205020418168, 4.475289417455334, 3.800208368208475],[-9.46307371121254, -4.225396120579948, 5.510546800188106, -2.123751172494681, 7.371700736808936, -2.3055622619381255, -7.999079203561072, -8.54377106765594, -6.707748454295928, -3.0310250958781477, 5.285092932914816, -2.1290636932959117, 6.23371742426912, 2.719035544325113, -5.550328030976736, 2.9491698422460555],[9.014065595383876, -2.451748959402318, -0.9258794540949538, -9.943845849352273, -9.48254587572572, -8.791917229832627, -4.363875948956039, 6.1611489252096945, -6.042104541269291, -4.83187270561036, -8.879425910980945, -2.600259949955319, 6.910419355415883, 1.3925220842371075, 5.896456700177467, -2.2212494046007265],[-2.0360487073496314, 1.4363514656851315, 9.382761811026118, 1.40265847672012, 0.31715091477875745, -2.5357832955824833, -2.156195015628426, -5.373247498967995, -2.0673553631607593, 2.906433822292236, -0.8490629829438028, -4.928872001860716, -0.7202596041271825, 7.206584236110391, -7.240622158173522, -7.900662621536785],[3.4650351506019845, 6.477446204623458, -1.1714969418232517, 6.673675158149631, 7.422455345806178, -0.12940706434076965, -6.878755572925803, 9.848061408863899, 2.6514670107735405, 2.3863668842592407, -3.1929601162752324, -2.5211959927403393, 8.297910579795765, 5.624241595623134, 4.970369585049244, 1.9978042308500825],[-6.595396510250802, -7.535753019408982, 3.023162619734423, 9.198721171088437, -3.518483525064335, 2.903656244047639, -8.671081938679453, 8.425004984356605, -9.374220585979117, 0.9548655691508969, -3.907807460257093, 6.805047507924236, -4.660831564413208, 4.993916360782071, 3.0584700102762703, -6.842384597050213],[5.398766205189462, 0.9397665251880216, 4.029909179263697, -3.7931625791155383, 0.48323363099356875, 2.167748422349568, 9.971991136782862, 7.546817449154883, -9.756907889978546, -4.017969822355272, 3.8806216521123904, 6.221711793985605, -2.472670354520181, 0.7102017135935093, 1.5987781164147457, 8.837902903370196],[9.74239528835189, -7.6536305125253445, -0.5836831425939231, -3.1993306266246595, 6.794760400644208, 5.157436916037545, -6.443910509739144, 0.5685478563932058, 3.4816530472860237, 6.7805225546322845, -1.4559446805394352, 9.387308903882634, -2.346419435132823, -4.922247903062291, 8.980590765419016, 7.372603693425624],[-3.388117225286525, 1.377941848198411, 2.3747492404022594, -4.491600433662257, 7.430873489204895, -7.277031884698042, 9.472740440632496, 1.76752980820876, 9.129969291533037, 4.349907428576101, 2.906436558191709, -2.4298563110292726, -5.671734854431037, 2.8783009000762423, -4.9927595272266085, 5.503595744632253],[3.3460247124777176, 0.5351912071743836, -8.724812770996678, -8.8703009465865, -5.325400682815173, -8.761152763867619, -2.7373249275934803, -6.947025422799569, 2.318314908221204, 0.4753910188524113, 3.526758357878899, 9.684923595852144, 2.71889522872719, -7.359198172497885, -4.176534930571272, 9.816854482641343],[9.891757858888298, 1.8840685560870174, -4.137872010899793, -3.332305732142391, -3.9570633332321625, 5.475541959247391, -8.292739008040712, -0.9630746439380928, -8.563977113000858, -9.035400759748885, 6.310028501534951, -0.6166451108830522, -4.336952878014763, -6.385305899855855, -2.329098943605006, -0.6592139096177352],[5.807652620725731, 7.017317646189355, 4.236945079088528, 8.324002036190702, -8.57510427327869, 2.174312360070328, -1.4447479518848212, 5.608938070090613, -8.79616371244432, 3.5416559607882334, -1.55364672708515, -9.371107239012105, 5.634800806682881, -1.5537041897375268, 5.740132801730958, 9.84338576080421],[-1.3535444363547384, -4.78085505264592, 4.424361335251524, 4.322123697077188, 0.9410391973108574, -5.674836297516115, -8.765504366748036, -3.4126221546704834, -1.0217702387325716, -0.9433106799543705, 6.678151524743736, -4.673136352767502, 1.8400300491869714, -8.441679487348097, -5.759725978141354, 8.218265601190662],[0.6811880462360591, -0.16697981774570891, -0.8729244010123871, -3.429203661719389, -2.143352826030589, -3.85207268823004, 3.4996840610372377, 4.159186320033113, -3.8661437257551263, 1.5865763669191235, 1.895490912231793, 8.866676895172134, -8.986994028651221, -6.7674830968584825, 9.323162354209348, 9.642816780872185]];biases=[-2.9897020007996016, 7.076717852674623, 2.661809834970054, 9.04035119483142, -7.783618293213723, -1.2235374768109768, -0.23565852120284703, 9.822838976296822, 4.524117690672462, -3.157919797476332, 0.059549719143149105, -8.852175410548188, -2.6672950921225347, 9.395437991889878, 5.467024792934847, 4.825238350279742];activationFunc=ReLu}
layer2: Layer{weights=[[5.220565564529949, -2.4042333617424783, -8.916489610825579, 3.9383571748257946, -2.200273369934904, -3.35401269420883, 5.612665797365761, -5.7244102980868306, 8.019861451616862, 0.2413251159670171, 9.454203829383907, -7.940991157677713, 7.805440132706558, -2.8926696162557537, -5.285239611724657, 8.95039726808437]];biases=[3.2148617603404066];activationFunc=Sigmoid}
]
}
NeuralNetwork{
Number_of_neurons: [5,16,16,1]
layers:
[layer0: Layer{weights=[[-0.6349089594047221, -6.60153054320814, 8.121123402268687, -9.188252955757727, 2.6282073880603996],[1.4957000832720588, 2.5508148791268077, -8.530213786421788, -5.5928050474637425, 9.354002160384304],[8.04741374055832, -1.4427638548364836, -6.915188184781325, -5.562015572005863, -6.227444167845855],[-7.296321470624894, 7.932507028669207, 4.815528291486302, 4.942175757392773, -4.377515660292257],[4.012714287965373, -8.27422176428222, 1.5521227725910478, -6.671751401100776, -8.898452642284587],[4.810835195005684, -2.495529624861083, -8.271694813571251, -1.9075264247753232, -1.751861014402298],[-9.302562036865773, -1.7210030361936681, -7.82643543855484, 4.942275645367378, -6.0195833571731905],[-6.267824794952956, -0.2998358382529549, -2.8620657872135613, -8.200615502636357, 8.15079581834706],[1.3892123864120425, 6.7455294403443204, -8.785237833406619, 8.316182356292178, 5.9901957598270705],[-8.864120925724507, 2.330577392832172, 2.441330319246603, -6.723672472969707, -2.31629210964742],[4.586244469907793, -6.145581590231021, -4.789157406012762, -2.0498086528829296, 7.921949599776976],[-9.891788740037592, 2.081921634501809, -7.614200349973883, 4.747225038830907, -7.103178615819148],[-5.571513550314893, 4.592567003988869, 7.577672140785367, -6.287911088317511, -8.966475319513588],[-1.1375085786097667, -9.82254066577992, 0.34760026485450624, 5.890818500799551, -3.002827368035444],[-8.54476364186024, 0.1591684237586417, 1.1329966533355815, 1.3116665916743635, -4.051808547030458],[7.416365933365839, -2.3912502819102244, 0.6324867963186716, 3.048536717574157, 4.130486539793353]];biases=[-9.814066122064485, 7.055158693334455, 9.285141495862533, 6.420091722526177, 5.615322562758056, -3.939019626439844, -8.171039884609211, -8.186258154144184, -2.2302024831957956, -6.726538580978627, -9.84064486447566, 6.514027084493815, 6.783299562023242, -2.7808351262876023, 4.00572432663717, -2.7478009057904496];activationFunc=ReLu}
layer1: Layer{weights=[[-3.15611079761614, 7.6479725941639, 1.967450823989541, -4.570306999323512, 0.6533053915988027, 4.005500994467932, -1.4324641790617996, 9.679590610238265, -2.29570743351172, 8.257492021401585, 9.410597636446887, 7.298082770201301, 4.904271830633098, -9.495703349443739, 6.170209345912486, -6.898853503789222],[-5.013083505305818, 4.939410950159154, 4.538046749147799, 1.6361927823041853, 1.076900135901992, -4.826287230690163, 9.659620530625183, 1.521827741945934, -6.578245151677454, 3.1324424735630334, -4.156279110493577, 3.575005270287779, -1.071483353004501, 4.326007436871151, -0.2719513251627781, 0.074398412899356],[0.7463088262954525, 7.339288379156784, -7.518265135355399, 0.4070582322241716, -1.0787888529187732, 5.22814130538594, -1.6441337925305017, -5.506860147194386, -0.4524161003295841, 4.197215646924132, 4.815754082865453, -5.468289044005276, 9.754728303036778, 0.08218205020418168, 4.475289417455334, 3.800208368208475],[-9.46307371121254, 7.824813284649814, 5.510546800188106, -2.123751172494681, 8.922229150622872, -2.3055622619381255, -7.999079203561072, -6.046265866739391, -6.707748454295928, -3.0310250958781477, -2.282268314065396, -2.1290636932959117, 6.23371742426912, 2.719035544325113, 9.605297633513402, 2.9491698422460555],[-5.160630640845946, -2.451748959402318, -0.9258794540949538, -9.943845849352273, 1.8328727735639347, -8.791917229832627, -4.363875948956039, 5.551681242223372, 9.974373940264407, -4.83187270561036, -8.879425910980945, -7.426709416099939, 6.910419355415883, 1.3925220842371075, 5.896456700177467, -2.2212494046007265],[-2.0360487073496314, 1.4363514656851315, 9.382761811026118, 1.40265847672012, 0.31715091477875745, -2.5357832955824833, 8.294061402467051, -5.373247498967995, -2.0673553631607593, 2.906433822292236, -0.8490629829438028, -4.928872001860716, -0.7202596041271825, 7.206584236110391, 4.259974282388557, -7.900662621536785],[3.4650351506019845, 6.477446204623458, -1.1714969418232517, -7.1666730609490825, 7.422455345806178, -0.12940706434076965, -6.878755572925803, 9.848061408863899, 2.6514670107735405, 2.3863668842592407, -3.1929601162752324, -2.5211959927403393, 8.297910579795765, -8.92329500432718, 4.970369585049244, 1.9978042308500825],[-6.595396510250802, -7.535753019408982, 3.023162619734423, 9.198721171088437, -3.518483525064335, 2.903656244047639, -8.671081938679453, 8.425004984356605, -9.374220585979117, 0.9548655691508969, -3.907807460257093, 6.805047507924236, -7.5280378581254155, 4.993916360782071, 3.0584700102762703, -6.842384597050213],[5.398766205189462, 0.9397665251880216, 4.029909179263697, -3.7931625791155383, 0.48323363099356875, 2.167748422349568, 9.971991136782862, 7.546817449154883, -9.756907889978546, -4.017969822355272, 3.8806216521123904, 6.221711793985605, -2.472670354520181, 0.7102017135935093, 1.5987781164147457, 8.837902903370196],[9.74239528835189, -1.6685690981283194, -0.5836831425939231, -3.1993306266246595, 6.794760400644208, 5.157436916037545, -6.443910509739144, 3.8383910876014085, 3.4816530472860237, 6.7805225546322845, -1.4559446805394352, 9.387308903882634, -2.346419435132823, -4.922247903062291, 8.980590765419016, 7.372603693425624],[-3.388117225286525, 1.377941848198411, 2.3747492404022594, -3.011103276458071, 7.430873489204895, -7.277031884698042, 9.472740440632496, 1.76752980820876, 9.129969291533037, 4.349907428576101, 2.906436558191709, 6.5394780783392505, -5.671734854431037, 2.8783009000762423, -4.9927595272266085, 5.503595744632253],[3.3460247124777176, 0.5351912071743836, -8.724812770996678, -8.8703009465865, 4.879763930077971, -8.761152763867619, -2.7373249275934803, 9.20891663841358, 2.318314908221204, 0.4753910188524113, 3.526758357878899, 9.684923595852144, 2.71889522872719, -0.722623619863656, -4.176534930571272, 9.816854482641343],[9.891757858888298, 1.8840685560870174, 4.194471059211358, -3.332305732142391, -3.9570633332321625, 5.475541959247391, -8.292739008040712, 2.6286928472401083, -8.563977113000858, 2.3378068108926264, 6.310028501534951, -0.6166451108830522, -4.336952878014763, -6.385305899855855, -2.329098943605006, -4.284374805020694],[5.807652620725731, 7.017317646189355, 4.779609867436207, 8.324002036190702, -8.57510427327869, 2.174312360070328, -1.4447479518848212, 5.608938070090613, -8.79616371244432, 3.5416559607882334, -1.1202693702441344, -9.371107239012105, -4.773411930096847, -1.5537041897375268, 9.471699906931683, 9.84338576080421],[-0.238580332183707, -4.78085505264592, -8.333637160782219, 1.7394314945514466, 0.9410391973108574, -5.674836297516115, -8.765504366748036, -3.4126221546704834, -0.08212672511303687, -0.9433106799543705, 6.678151524743736, -4.673136352767502, 1.8400300491869714, -8.441679487348097, -5.759725978141354, 8.218265601190662],[0.6811880462360591, -0.16697981774570891, -0.8729244010123871, -3.429203661719389, -2.143352826030589, 4.661304600447686, 3.4996840610372377, 4.159186320033113, -3.8661437257551263, 1.5865763669191235, 1.895490912231793, 8.866676895172134, -8.986994028651221, -6.7674830968584825, 9.323162354209348, 9.642816780872185]];biases=[3.16205247481761, 7.076717852674623, -0.8035204380600405, 9.04035119483142, -7.783618293213723, -1.2235374768109768, -0.23565852120284703, 9.822838976296822, 4.524117690672462, -2.785301478222162, 0.059549719143149105, -8.852175410548188, -2.6672950921225347, 9.395437991889878, 5.467024792934847, 4.825238350279742];activationFunc=ReLu}
layer2: Layer{weights=[[5.220565564529949, -2.4042333617424783, -8.916489610825579, 3.9383571748257946, -2.200273369934904, -3.35401269420883, 5.994518698722704, -5.7244102980868306, 8.019861451616862, 0.2413251159670171, 9.454203829383907, -7.940991157677713, 7.805440132706558, -2.8926696162557537, -5.285239611724657, 8.95039726808437]];biases=[3.2148617603404066];activationFunc=Sigmoid}
]
}
NeuralNetwork{
Number_of_neurons: [5,16,16,1]
layers:
[layer0: Layer{weights=[[-0.6349089594047221, -6.60153054320814, 8.121123402268687, -7.829363404655316, 2.6282073880603996],[1.4957000832720588, 0.8624322433437648, -8.530213786421788, -5.5928050474637425, 9.354002160384304],[8.04741374055832, -1.4427638548364836, 5.892777852302897, -5.562015572005863, -6.227444167845855],[-7.296321470624894, 7.932507028669207, -5.9496341620655, 4.942175757392773, -4.377515660292257],[4.012714287965373, -8.27422176428222, -0.33260216465216885, 4.797828038486752, -8.898452642284587],[4.810835195005684, -2.495529624861083, -8.271694813571251, -1.9075264247753232, -1.751861014402298],[-9.302562036865773, -1.7210030361936681, -7.82643543855484, 3.214671063557299, -2.8786913426906473],[1.754958024938464, 5.52796058337654, -2.8620657872135613, -8.200615502636357, 8.15079581834706],[1.3892123864120425, -5.127739043264574, -8.785237833406619, 8.316182356292178, 5.9901957598270705],[6.395246916442574, 2.330577392832172, 2.441330319246603, -6.723672472969707, -2.605069243917388],[4.586244469907793, -6.145581590231021, -4.789157406012762, -2.0498086528829296, 7.921949599776976],[-9.891788740037592, 2.081921634501809, -7.614200349973883, -6.951547794544297, -7.103178615819148],[-5.571513550314893, 4.592567003988869, 7.577672140785367, -6.287911088317511, -8.966475319513588],[-1.1375085786097667, -9.82254066577992, 0.34760026485450624, 5.890818500799551, -3.002827368035444],[7.3302479493182595, 0.1591684237586417, 1.1329966533355815, 1.3116665916743635, -4.051808547030458],[7.416365933365839, 2.6158568353612637, 0.6324867963186716, 3.048536717574157, 4.130486539793353]];biases=[-9.814066122064485, 7.055158693334455, 9.285141495862533, 6.420091722526177, 5.615322562758056, -3.939019626439844, -8.171039884609211, -8.223914850166942, -2.2302024831957956, -6.726538580978627, -9.84064486447566, 6.514027084493815, 6.783299562023242, -2.7808351262876023, 4.00572432663717, -2.7478009057904496];activationFunc=ReLu}
layer1: Layer{weights=[[-3.15611079761614, 3.5204167556541286, 1.967450823989541, -4.570306999323512, 5.446696447369346, 4.005500994467932, 9.336443917615117, 9.679590610238265, -2.29570743351172, 8.257492021401585, 7.901939888086975, 7.298082770201301, -6.773109475341956, -9.495703349443739, -6.7409153384204235, 7.171981772474261],[-5.013083505305818, 7.542780996739754, -6.955058835659114, 1.6361927823041853, 1.076900135901992, -4.826287230690163, 9.659620530625183, 1.521827741945934, -9.262212548510275, 3.1324424735630334, -4.446241506986455, 3.575005270287779, -1.071483353004501, 4.326007436871151, -0.2719513251627781, 0.074398412899356],[-6.958507329653871, 0.1652546522697822, -7.518265135355399, 0.4070582322241716, -1.0787888529187732, 5.22814130538594, -1.6441337925305017, -5.506860147194386, -0.4524161003295841, 4.197215646924132, 4.815754082865453, -5.468289044005276, 9.754728303036778, 0.08218205020418168, 4.475289417455334, 3.800208368208475],[-9.46307371121254, 7.824813284649814, 5.510546800188106, -2.123751172494681, 8.922229150622872, -2.3055622619381255, -7.999079203561072, -4.575550019241248, -6.707748454295928, -3.0310250958781477, 5.285092932914816, -2.1290636932959117, 6.23371742426912, 2.719035544325113, -5.550328030976736, 2.9491698422460555],[-5.160630640845946, -2.451748959402318, -0.9258794540949538, -9.943845849352273, 1.8328727735639347, -8.791917229832627, -4.363875948956039, 6.1611489252096945, 9.974373940264407, -4.83187270561036, -8.879425910980945, -2.600259949955319, 6.910419355415883, 1.3925220842371075, 5.896456700177467, -2.2212494046007265],[-2.0360487073496314, 1.4363514656851315, 9.382761811026118, -6.175034082456403, 0.31715091477875745, -2.5357832955824833, 8.294061402467051, -5.373247498967995, -2.0673553631607593, 2.906433822292236, -0.8490629829438028, -4.928872001860716, -9.229489539702856, 7.206584236110391, 3.1998548339519512, -7.900662621536785],[3.4650351506019845, 6.477446204623458, -1.1714969418232517, -7.1666730609490825, 7.422455345806178, -0.12940706434076965, -6.878755572925803, 9.25125630525115, 2.6514670107735405, 2.3863668842592407, -3.1929601162752324, -2.5211959927403393, 8.297910579795765, 5.624241595623134, 4.970369585049244, 8.510855023209519],[-6.595396510250802, -7.535753019408982, -6.552773903040336, 9.198721171088437, -3.518483525064335, 2.602349544969403, 7.434626821828164, 8.425004984356605, -9.374220585979117, 0.9548655691508969, -3.907807460257093, 6.805047507924236, -7.5280378581254155, 4.993916360782071, 3.256487289219878, -6.842384597050213],[5.398766205189462, 3.88362984363372, 4.029909179263697, -3.7931625791155383, 0.48323363099356875, 7.260805594821814, 9.971991136782862, 7.546817449154883, -9.756907889978546, -4.017969822355272, 3.8806216521123904, 6.221711793985605, -2.472670354520181, 0.7102017135935093, 7.730774870292095, 8.837902903370196],[9.74239528835189, -7.6536305125253445, -0.5836831425939231, -8.571320212042457, 6.794760400644208, 5.157436916037545, -6.443910509739144, 0.5685478563932058, 3.4816530472860237, 6.7805225546322845, -1.4559446805394352, 9.387308903882634, -2.346419435132823, -4.922247903062291, 8.980590765419016, 7.372603693425624],[-3.388117225286525, 1.377941848198411, 4.528884484209444, 8.526140085962844, 7.430873489204895, -7.277031884698042, 9.472740440632496, 1.76752980820876, 9.129969291533037, 4.349907428576101, 2.906436558191709, 6.5394780783392505, -5.671734854431037, 4.407631491125812, -4.9927595272266085, 4.207426855046087],[3.3460247124777176, 0.5351912071743836, -8.724812770996678, -8.8703009465865, -8.94044517113042, -8.761152763867619, -2.7373249275934803, 7.041454242807138, 2.318314908221204, 0.4753910188524113, 3.526758357878899, 9.684923595852144, 2.71889522872719, -7.359198172497885, -4.176534930571272, 9.816854482641343],[9.891757858888298, 1.8840685560870174, -4.137872010899793, -3.332305732142391, -3.9570633332321625, 5.475541959247391, -8.292739008040712, 2.6286928472401083, -8.563977113000858, 2.3378068108926264, 6.310028501534951, -0.6166451108830522, -4.336952878014763, -6.385305899855855, -2.329098943605006, -0.6592139096177352],[5.807652620725731, 7.017317646189355, 4.779609867436207, 8.324002036190702, -8.57510427327869, 2.174312360070328, -1.4447479518848212, 5.608938070090613, -8.79616371244432, 3.5416559607882334, -1.55364672708515, 9.917764946198393, -4.773411930096847, -1.5537041897375268, 9.471699906931683, 9.84338576080421],[-1.3535444363547384, -4.78085505264592, 4.424361335251524, 1.7394314945514466, -1.8902893145095803, -5.674836297516115, 0.6500620211894752, -3.4126221546704834, -1.0217702387325716, -0.9433106799543705, 6.678151524743736, -4.673136352767502, 1.8400300491869714, -8.441679487348097, -5.759725978141354, 8.218265601190662],[0.6811880462360591, 0.24547344272671978, -0.8729244010123871, -3.429203661719389, -2.143352826030589, -4.413489598269975, 3.4996840610372377, 4.159186320033113, -3.8661437257551263, 1.5865763669191235, 1.895490912231793, -4.251150253980551, -8.986994028651221, -6.7674830968584825, 9.323162354209348, 9.642816780872185]];biases=[-2.9897020007996016, 7.532890751901455, 0.03766802511866274, 0.16115634158395764, -0.47198640022224403, -1.2235374768109768, -0.23565852120284703, 9.822838976296822, 4.524117690672462, -3.157919797476332, 0.059549719143149105, -8.852175410548188, -6.111738680997407, -8.466867875169068, 5.467024792934847, 4.825238350279742];activationFunc=ReLu}
layer2: Layer{weights=[[5.220565564529949, -2.042029987883362, -8.916489610825579, 3.9383571748257946, -2.200273369934904, -3.35401269420883, 1.368848896051718, -5.7244102980868306, 8.019861451616862, 0.2413251159670171, 9.454203829383907, -7.940991157677713, 7.805440132706558, -2.8926696162557537, -5.285239611724657, 8.95039726808437]];biases=[3.2148617603404066];activationFunc=Sigmoid}
]
}
NeuralNetwork{
Number_of_neurons: [5,16,16,1]
layers:
[layer0: Layer{weights=[[-0.6349089594047221, -6.60153054320814, -6.203154738545149, -7.829363404655316, 2.6282073880603996],[-6.091175792966846, 2.5508148791268077, -8.530213786421788, 7.435535086127562, 9.354002160384304],[8.04741374055832, -1.4427638548364836, -6.915188184781325, -5.562015572005863, -6.227444167845855],[-7.296321470624894, 7.932507028669207, -5.9496341620655, 4.942175757392773, -4.377515660292257],[4.012714287965373, -8.27422176428222, -6.321062633069565, -3.162502950947652, -8.898452642284587],[4.810835195005684, -2.495529624861083, -8.271694813571251, -1.9075264247753232, -1.751861014402298],[-9.302562036865773, -1.7210030361936681, -7.82643543855484, 4.942275645367378, -2.8786913426906473],[-6.267824794952956, 5.52796058337654, -2.8620657872135613, -8.200615502636357, 8.15079581834706],[1.3892123864120425, -6.0454629472900105, -8.785237833406619, 8.316182356292178, 5.9901957598270705],[6.395246916442574, 2.330577392832172, 2.441330319246603, -6.723672472969707, 4.418535250815712],[4.586244469907793, -6.145581590231021, -2.197251362567574, -2.0498086528829296, 7.921949599776976],[-9.891788740037592, 2.081921634501809, -2.7214487300452372, 4.747225038830907, -7.103178615819148],[-5.571513550314893, 4.592567003988869, 7.577672140785367, -6.287911088317511, -8.966475319513588],[-1.1375085786097667, -9.82254066577992, 0.34760026485450624, 5.890818500799551, 6.871157330575532],[7.3302479493182595, 8.708201684477274, 1.1329966533355815, 1.3116665916743635, -4.051808547030458],[7.416365933365839, 2.6158568353612637, 0.6324867963186716, 3.048536717574157, 4.130486539793353]];biases=[-9.814066122064485, 7.055158693334455, 9.285141495862533, -1.4184935445461804, 5.615322562758056, -3.939019626439844, -8.171039884609211, -8.223914850166942, -2.2302024831957956, -6.726538580978627, -9.84064486447566, 6.514027084493815, 6.783299562023242, -2.7808351262876023, 4.00572432663717, -2.7478009057904496];activationFunc=ReLu}
layer1: Layer{weights=[[-3.15611079761614, 7.6479725941639, 1.967450823989541, -4.570306999323512, 0.6533053915988027, 4.005500994467932, -1.4324641790617996, 9.679590610238265, -2.29570743351172, 0.6530526013750855, -3.8540245132786355, -6.076262463245614, -6.773109475341956, -9.495703349443739, -8.796857254809936, -6.898853503789222],[-5.013083505305818, 7.542780996739754, 4.538046749147799, 1.6361927823041853, 1.076900135901992, -4.826287230690163, 9.659620530625183, -6.639155537424239, -6.578245151677454, 3.1324424735630334, -4.156279110493577, 6.709691389701206, -1.071483353004501, -0.7642997537276841, -0.2719513251627781, 0.074398412899356],[-6.958507329653871, 7.339288379156784, -7.518265135355399, 0.4070582322241716, -1.0787888529187732, 5.22814130538594, -1.6441337925305017, -5.506860147194386, 8.755804757601513, -9.932015141162678, 4.815754082865453, -5.468289044005276, 9.754728303036778, 0.08218205020418168, 4.475289417455334, 3.800208368208475],[-9.46307371121254, 7.824813284649814, 5.510546800188106, -2.123751172494681, 2.9481085568791414, -2.3055622619381255, -7.999079203561072, 3.505171584721399, -6.707748454295928, -3.0310250958781477, 5.285092932914816, -2.1290636932959117, 6.23371742426912, 2.719035544325113, -5.550328030976736, 2.9491698422460555],[-5.160630640845946, -2.451748959402318, -0.9258794540949538, -9.943845849352273, 1.8328727735639347, -8.791917229832627, -4.363875948956039, 6.1611489252096945, 9.974373940264407, -4.83187270561036, -8.879425910980945, -2.600259949955319, 6.910419355415883, 1.3925220842371075, 5.896456700177467, -2.2212494046007265],[-2.0360487073496314, 1.4363514656851315, 9.382761811026118, 1.40265847672012, 0.31715091477875745, -2.5357832955824833, 1.2482994518700394, -5.373247498967995, -2.0673553631607593, 2.906433822292236, -0.8490629829438028, -4.928872001860716, 8.642758702945834, 7.206584236110391, 7.866624192754223, -7.900662621536785],[3.4650351506019845, 6.477446204623458, -5.201317468134993, -7.1666730609490825, 7.422455345806178, -0.12940706434076965, -6.878755572925803, 9.848061408863899, 2.6514670107735405, 2.3863668842592407, -3.1929601162752324, -2.5211959927403393, 8.297910579795765, 5.624241595623134, 4.970369585049244, 1.9978042308500825],[-6.595396510250802, -7.535753019408982, 3.023162619734423, -9.010835843380207, -3.518483525064335, 2.903656244047639, -8.671081938679453, 8.425004984356605, -9.374220585979117, 0.9548655691508969, -3.907807460257093, 6.805047507924236, -7.5280378581254155, 6.44077016277426, -4.864086200602841, -6.842384597050213],[5.398766205189462, 0.9397665251880216, 4.029909179263697, -3.7931625791155383, 0.48323363099356875, 2.167748422349568, 9.971991136782862, 7.546817449154883, -9.756907889978546, 2.9369723863046797, 3.8806216521123904, 8.705321427171707, -2.472670354520181, 0.7102017135935093, 1.5987781164147457, 8.837902903370196],[9.74239528835189, 9.976517039972666, -0.5836831425939231, -3.1993306266246595, 6.794760400644208, 5.157436916037545, -6.443910509739144, 0.5685478563932058, -9.849702502120623, 6.7805225546322845, -1.4559446805394352, 9.387308903882634, -2.346419435132823, -4.922247903062291, 7.931442697813427, 7.372603693425624],[-3.388117225286525, 1.377941848198411, -4.988386103440763, 6.3477618006735135, 7.430873489204895, -7.277031884698042, 9.472740440632496, 1.76752980820876, 9.129969291533037, 4.349907428576101, 2.906436558191709, 6.5394780783392505, -5.671734854431037, 2.8783009000762423, -4.9927595272266085, -1.1995157961533138],[2.5615211897411143, 0.5351912071743836, -8.724812770996678, -6.791957216602884, -5.325400682815173, -8.761152763867619, -2.7373249275934803, -6.947025422799569, 2.318314908221204, 8.248597345730769, 3.526758357878899, 9.684923595852144, 2.71889522872719, 7.351392251465423, -4.176534930571272, 9.816854482641343],[9.891757858888298, 1.2078321637241167, -4.137872010899793, -3.332305732142391, -3.9570633332321625, 5.475541959247391, -8.292739008040712, 2.6286928472401083, -8.563977113000858, 2.3378068108926264, 6.310028501534951, -0.6166451108830522, -4.336952878014763, -6.385305899855855, -2.329098943605006, -1.3006178805093782],[5.807652620725731, 7.017317646189355, 4.779609867436207, 8.324002036190702, -8.57510427327869, 2.174312360070328, -1.4447479518848212, 5.608938070090613, -8.79616371244432, 3.5416559607882334, -1.55364672708515, -9.371107239012105, -4.773411930096847, -1.5537041897375268, 9.471699906931683, -6.844887911284994],[-1.3535444363547384, -4.78085505264592, 4.424361335251524, 1.7394314945514466, 0.9410391973108574, -5.674836297516115, -8.765504366748036, -3.4126221546704834, -1.0217702387325716, -0.9433106799543705, 6.678151524743736, -4.673136352767502, 1.8400300491869714, -8.441679487348097, -5.759725978141354, 8.218265601190662],[5.636855558779958, -0.16697981774570891, -0.8729244010123871, -3.429203661719389, -2.143352826030589, -3.85207268823004, 3.4996840610372377, 4.159186320033113, -3.8661437257551263, 1.5865763669191235, 1.895490912231793, 8.866676895172134, -8.986994028651221, -6.7674830968584825, 9.323162354209348, 9.642816780872185]];biases=[-2.9897020007996016, 7.076717852674623, 2.661809834970054, 9.04035119483142, -7.783618293213723, -1.2235374768109768, -0.23565852120284703, -7.448051923877943, 4.524117690672462, -3.157919797476332, -7.549787917180593, -8.852175410548188, -2.6672950921225347, 9.395437991889878, 5.467024792934847, 4.825238350279742];activationFunc=ReLu}
layer2: Layer{weights=[[5.220565564529949, -2.4042333617424783, -8.916489610825579, 3.9383571748257946, -2.200273369934904, -3.35401269420883, 1.368848896051718, -5.7244102980868306, 8.019861451616862, 0.2413251159670171, 9.454203829383907, -7.940991157677713, 7.805440132706558, -2.8926696162557537, 2.2655540223933315, 8.95039726808437]];biases=[3.2148617603404066];activationFunc=Sigmoid}
]
}
NeuralNetwork{
Number_of_neurons: [5,16,16,1]
layers:
[layer0: Layer{weights=[[-0.6349089594047221, -6.60153054320814, 8.121123402268687, -7.829363404655316, 2.6282073880603996],[6.475921586180991, 3.3249298078712073, -8.530213786421788, -5.5928050474637425, 9.354002160384304],[8.04741374055832, -1.4427638548364836, -6.915188184781325, -5.562015572005863, -6.227444167845855],[-7.296321470624894, 7.932507028669207, -8.89827661732939, 4.942175757392773, -6.776592417917198],[4.012714287965373, -8.27422176428222, -0.33260216465216885, -3.162502950947652, -8.898452642284587],[-4.48583354075655, -2.495529624861083, -8.271694813571251, -1.9075264247753232, -1.751861014402298],[-9.302562036865773, -6.626954926010571, -7.82643543855484, -9.32045141875557, -2.8786913426906473],[-6.267824794952956, 5.52796058337654, -2.8620657872135613, -8.200615502636357, 8.15079581834706],[1.3892123864120425, -6.0454629472900105, -8.785237833406619, 8.316182356292178, 5.9901957598270705],[6.395246916442574, 2.330577392832172, -8.424059692609049, -6.723672472969707, 4.418535250815712],[4.586244469907793, 5.902337432186231, -4.789157406012762, -2.0498086528829296, 7.921949599776976],[-6.145434249753443, 2.081921634501809, -7.614200349973883, 2.6933590836221875, -7.103178615819148],[-5.571513550314893, 4.592567003988869, 7.577672140785367, -6.287911088317511, -1.3464999250184277],[-1.1375085786097667, -9.82254066577992, 0.34760026485450624, 5.890818500799551, -3.002827368035444],[7.3302479493182595, 0.1591684237586417, 1.1329966533355815, 1.3116665916743635, -4.051808547030458],[-6.382892868335299, 2.6158568353612637, 0.6324867963186716, -5.628895003062587, 4.130486539793353]];biases=[-9.814066122064485, 7.055158693334455, 9.285141495862533, 6.420091722526177, 5.615322562758056, -3.939019626439844, -8.171039884609211, -8.223914850166942, -2.2302024831957956, -6.726538580978627, -9.84064486447566, -1.7663749887199849, 6.783299562023242, -2.7808351262876023, 4.00572432663717, -2.7478009057904496];activationFunc=ReLu}
layer1: Layer{weights=[[-3.15611079761614, 7.6479725941639, 1.967450823989541, -4.570306999323512, 0.6533053915988027, 4.005500994467932, -1.4324641790617996, 9.679590610238265, -2.29570743351172, 8.257492021401585, -3.8540245132786355, 7.298082770201301, -6.773109475341956, -9.495703349443739, -8.796857254809936, -6.898853503789222],[-5.013083505305818, 7.542780996739754, 4.538046749147799, 1.6361927823041853, -7.161923941874367, -4.826287230690163, -3.5068487567227535, 1.521827741945934, -6.578245151677454, 0.45661652048586276, 6.790403937849, 8.131136068282451, -4.3634222793460005, 4.326007436871151, -0.2719513251627781, 0.074398412899356],[-6.958507329653871, 7.339288379156784, -7.518265135355399, 0.4070582322241716, -1.0787888529187732, 5.22814130538594, -1.6441337925305017, -5.506860147194386, 5.182083799929963, 4.197215646924132, 4.815754082865453, -5.468289044005276, 9.754728303036778, 4.078497854822844, 4.475289417455334, 3.800208368208475],[-6.068197284223262, 7.824813284649814, 5.510546800188106, -2.123751172494681, 8.922229150622872, -2.3055622619381255, -7.999079203561072, -5.523742474107285, -6.707748454295928, -3.0310250958781477, 5.285092932914816, -2.1290636932959117, 4.004234348118782, 2.719035544325113, -5.550328030976736, 2.9491698422460555],[-5.160630640845946, -2.451748959402318, -0.9258794540949538, -9.943845849352273, 1.8328727735639347, -8.791917229832627, -4.363875948956039, 0.7952835830656397, 9.974373940264407, -4.83187270561036, -8.879425910980945, -2.600259949955319, 6.910419355415883, 1.3925220842371075, 5.896456700177467, -2.2212494046007265],[-2.0360487073496314, 1.4363514656851315, 9.382761811026118, 1.40265847672012, 0.31715091477875745, -2.5357832955824833, 8.294061402467051, 5.294049032577579, -2.0673553631607593, 2.906433822292236, -0.8490629829438028, -4.697227904971221, -0.7202596041271825, 7.206584236110391, 4.259974282388557, -7.900662621536785],[1.2781227470011114, 6.477446204623458, -1.1714969418232517, -7.903358993172107, 7.422455345806178, 1.4621402685521616, -6.878755572925803, 9.848061408863899, 2.6514670107735405, 2.3863668842592407, -3.1929601162752324, -2.5211959927403393, 8.297910579795765, 5.624241595623134, -9.679387246007899, 1.9978042308500825],[-6.595396510250802, -7.535753019408982, 3.023162619734423, 9.198721171088437, -3.518483525064335, 2.903656244047639, -8.671081938679453, 8.425004984356605, -9.374220585979117, 0.9548655691508969, -3.907807460257093, 6.239254918104084, -7.5280378581254155, 4.993916360782071, 3.0584700102762703, -6.842384597050213],[5.398766205189462, 0.9397665251880216, 4.029909179263697, -3.7931625791155383, -3.7123298273132637, 2.167748422349568, 9.971991136782862, 7.546817449154883, -1.8262848121919184, -4.017969822355272, 3.8806216521123904, 6.221711793985605, -2.472670354520181, 0.7102017135935093, 1.5987781164147457, 8.837902903370196],[9.74239528835189, -7.6536305125253445, -0.5836831425939231, -3.1993306266246595, 6.794760400644208, 5.157436916037545, -6.443910509739144, 0.5685478563932058, 3.4816530472860237, 6.7805225546322845, -1.4559446805394352, 9.387308903882634, -2.346419435132823, -4.922247903062291, 8.980590765419016, 7.372603693425624],[-3.388117225286525, 1.377941848198411, 2.3747492404022594, -3.011103276458071, 7.430873489204895, -7.277031884698042, 9.472740440632496, 1.76752980820876, -6.99392766952049, 4.349907428576101, 2.906436558191709, 6.5394780783392505, -5.671734854431037, 2.8783009000762423, -4.9927595272266085, 5.503595744632253],[7.425998557566437, 0.5351912071743836, -8.724812770996678, -8.8703009465865, -5.325400682815173, 8.889728771466444, -2.7373249275934803, -6.947025422799569, 2.318314908221204, 7.553995098615829, 3.526758357878899, 9.684923595852144, 2.71889522872719, -7.359198172497885, -8.134899174966485, 9.816854482641343],[9.891757858888298, 1.8840685560870174, -4.137872010899793, -3.332305732142391, -3.9570633332321625, 5.475541959247391, -8.292739008040712, 6.074520857799353, -8.563977113000858, 2.3378068108926264, 6.310028501534951, -0.6166451108830522, -4.336952878014763, -6.385305899855855, -2.329098943605006, -0.6592139096177352],[5.807652620725731, 7.017317646189355, 4.779609867436207, 8.324002036190702, -8.57510427327869, 2.174312360070328, -5.167556283446826, 5.608938070090613, -8.79616371244432, 1.8841712991864927, -1.55364672708515, -9.371107239012105, -4.773411930096847, -1.5537041897375268, 9.471699906931683, 9.84338576080421],[-1.3535444363547384, -2.888660446874991, 4.424361335251524, 1.7394314945514466, -0.5770522137847287, -5.674836297516115, -8.765504366748036, -3.4126221546704834, -1.0217702387325716, -0.9433106799543705, 6.678151524743736, -4.673136352767502, 1.8400300491869714, -8.441679487348097, -5.759725978141354, 8.218265601190662],[0.6811880462360591, -0.16697981774570891, 6.398242763645371, -3.429203661719389, -2.143352826030589, -3.85207268823004, 3.4996840610372377, -9.220946648232836, -3.8661437257551263, 1.5865763669191235, 1.895490912231793, 8.866676895172134, 9.997880986244244, -6.7674830968584825, 9.323162354209348, 9.642816780872185]];biases=[-2.9897020007996016, 7.076717852674623, 2.661809834970054, -3.625902260807255, -7.783618293213723, 8.483456933297894, -0.23565852120284703, 9.822838976296822, 4.524117690672462, -3.157919797476332, 0.059549719143149105, -8.852175410548188, -2.6672950921225347, 9.395437991889878, 5.467024792934847, 4.825238350279742];activationFunc=ReLu}
layer2: Layer{weights=[[5.220565564529949, -2.4042333617424783, -0.415982495809363, 3.9383571748257946, -2.200273369934904, -3.35401269420883, 1.368848896051718, -5.7244102980868306, 8.019861451616862, 0.2413251159670171, 9.454203829383907, -7.940991157677713, 7.805440132706558, -2.8926696162557537, -5.285239611724657, 8.95039726808437]];biases=[3.2148617603404066];activationFunc=Sigmoid}
]
}
NeuralNetwork{
Number_of_neurons: [5,16,16,1]
layers:
[layer0: Layer{weights=[[-0.6349089594047221, -6.60153054320814, 8.121123402268687, -7.829363404655316, 2.6282073880603996],[1.4957000832720588, 2.5508148791268077, -8.530213786421788, -5.5928050474637425, 9.354002160384304],[8.04741374055832, -1.4427638548364836, -6.915188184781325, -5.562015572005863, -6.227444167845855],[-7.296321470624894, 7.932507028669207, -5.9496341620655, 4.942175757392773, -4.377515660292257],[4.012714287965373, -8.27422176428222, -0.33260216465216885, -3.162502950947652, -8.898452642284587],[4.810835195005684, -2.495529624861083, -8.271694813571251, -1.9075264247753232, -1.751861014402298],[7.897223156790677, -1.7210030361936681, -7.82643543855484, 4.942275645367378, -2.8786913426906473],[-6.267824794952956, 5.52796058337654, -2.8620657872135613, -8.200615502636357, 8.15079581834706],[1.3892123864120425, -6.0454629472900105, -8.785237833406619, 8.316182356292178, 5.9901957598270705],[6.395246916442574, 2.330577392832172, 2.441330319246603, -6.723672472969707, 4.418535250815712],[4.586244469907793, -6.145581590231021, -4.789157406012762, -2.0498086528829296, 7.921949599776976],[-9.891788740037592, 2.081921634501809, -7.614200349973883, 4.747225038830907, -7.103178615819148],[-5.571513550314893, 4.592567003988869, 7.577672140785367, -6.287911088317511, 6.82345048077789],[-1.1375085786097667, -9.82254066577992, 0.34760026485450624, 5.890818500799551, -3.002827368035444],[7.3302479493182595, 0.1591684237586417, 1.1329966533355815, 1.3116665916743635, -4.051808547030458],[7.416365933365839, 2.6158568353612637, 0.6324867963186716, 3.048536717574157, 4.130486539793353]];biases=[-9.814066122064485, 7.055158693334455, -2.2411389180447916, 6.420091722526177, 5.615322562758056, -3.939019626439844, -5.140837447200122, -8.223914850166942, -2.2302024831957956, -6.726538580978627, -9.84064486447566, 6.514027084493815, 6.783299562023242, -2.7808351262876023, 4.00572432663717, -2.7478009057904496];activationFunc=ReLu}
layer1: Layer{weights=[[-3.15611079761614, 7.6479725941639, 1.967450823989541, -4.570306999323512, 0.6533053915988027, 4.005500994467932, -1.4324641790617996, 9.679590610238265, -2.29570743351172, 8.257492021401585, -3.8540245132786355, 7.298082770201301, -6.773109475341956, -9.495703349443739, -8.796857254809936, -6.898853503789222],[-5.013083505305818, 7.542780996739754, 4.538046749147799, 1.6361927823041853, 1.076900135901992, -4.826287230690163, 9.659620530625183, 1.521827741945934, -6.578245151677454, 3.1324424735630334, -4.156279110493577, 3.575005270287779, -1.071483353004501, 4.326007436871151, -0.2719513251627781, 0.074398412899356],[-6.958507329653871, 7.339288379156784, -7.518265135355399, 0.4070582322241716, -1.0787888529187732, 5.86528336498359, -1.6441337925305017, -5.506860147194386, -0.4524161003295841, 4.197215646924132, 4.815754082865453, 3.675448186603674, 9.754728303036778, 4.04325457160046, 4.475289417455334, 3.800208368208475],[-9.46307371121254, 7.824813284649814, 5.510546800188106, -2.123751172494681, 8.922229150622872, -2.3055622619381255, -7.999079203561072, -8.54377106765594, -6.707748454295928, -3.0310250958781477, 5.285092932914816, -2.1290636932959117, 6.23371742426912, 2.719035544325113, -5.550328030976736, 2.9491698422460555],[-5.160630640845946, -2.451748959402318, -0.9258794540949538, -9.943845849352273, 1.8328727735639347, -8.791917229832627, -4.363875948956039, 6.1611489252096945, 9.974373940264407, -4.83187270561036, -8.879425910980945, -2.600259949955319, 6.910419355415883, 1.3925220842371075, -3.326005142924455, -2.2212494046007265],[-3.730674764773177, 1.4363514656851315, 9.382761811026118, 1.40265847672012, 0.31715091477875745, -2.5357832955824833, 3.4623727959004285, -5.373247498967995, -2.0673553631607593, 5.6183293494909226, -0.8490629829438028, -4.928872001860716, -0.7202596041271825, 7.206584236110391, 4.259974282388557, -7.900662621536785],[3.4650351506019845, 6.477446204623458, -1.1714969418232517, -8.848621971635474, 7.422455345806178, -0.12940706434076965, -6.878755572925803, 9.848061408863899, 2.6514670107735405, -1.677763972003092, -3.1929601162752324, -2.5211959927403393, 8.297910579795765, 5.624241595623134, 4.970369585049244, 1.9978042308500825],[-6.595396510250802, -7.535753019408982, 3.023162619734423, 9.198721171088437, -3.518483525064335, 2.903656244047639, -8.671081938679453, 8.425004984356605, -9.374220585979117, 0.9548655691508969, -3.907807460257093, 6.805047507924236, -7.5280378581254155, 4.993916360782071, 3.0584700102762703, -6.842384597050213],[5.398766205189462, 0.9397665251880216, 4.029909179263697, -3.7931625791155383, 0.48323363099356875, 2.167748422349568, 9.971991136782862, 9.651219826379094, -9.756907889978546, -4.017969822355272, 3.8806216521123904, 6.221711793985605, -2.472670354520181, 0.7102017135935093, 1.5987781164147457, 8.837902903370196],[9.74239528835189, -7.6536305125253445, -0.5836831425939231, -3.1993306266246595, 6.794760400644208, 8.988904995015524, -6.443910509739144, 0.5685478563932058, 3.4816530472860237, 6.7805225546322845, -1.4559446805394352, 9.387308903882634, -2.346419435132823, -4.922247903062291, 8.980590765419016, 7.372603693425624],[-3.388117225286525, 1.377941848198411, 2.3747492404022594, -3.011103276458071, 7.430873489204895, -7.277031884698042, 9.472740440632496, 1.76752980820876, 9.129969291533037, 4.349907428576101, 2.906436558191709, 6.5394780783392505, -5.671734854431037, 2.8783009000762423, -4.9927595272266085, 5.503595744632253],[3.3460247124777176, 0.5351912071743836, -8.724812770996678, -8.8703009465865, -5.325400682815173, -8.761152763867619, -2.7373249275934803, -6.947025422799569, 2.318314908221204, 4.22355340384968, 3.526758357878899, 9.684923595852144, 2.71889522872719, -7.359198172497885, -4.176534930571272, 9.816854482641343],[0.33676820166255617, 0.19169463435851597, -4.137872010899793, -3.332305732142391, -3.9570633332321625, 5.475541959247391, -8.292739008040712, 2.6286928472401083, -8.563977113000858, 2.3378068108926264, 6.310028501534951, -0.6166451108830522, -4.336952878014763, -6.385305899855855, -2.329098943605006, -0.6592139096177352],[5.807652620725731, 7.017317646189355, 4.779609867436207, 8.324002036190702, -8.57510427327869, 2.174312360070328, -1.4447479518848212, 5.608938070090613, -8.79616371244432, 3.5416559607882334, -1.55364672708515, -9.371107239012105, -4.773411930096847, -1.5537041897375268, 9.471699906931683, 9.84338576080421],[-1.3535444363547384, -4.78085505264592, 4.424361335251524, 1.7394314945514466, 0.9410391973108574, -2.9482877490574344, -6.31745937105274, -3.4126221546704834, -1.0217702387325716, -0.9433106799543705, 6.678151524743736, -4.673136352767502, 1.8400300491869714, -8.441679487348097, -5.759725978141354, -6.428003817423162],[0.6811880462360591, -0.16697981774570891, 5.715382129119149, -5.995294499641655, -2.143352826030589, -3.85207268823004, 3.4996840610372377, 4.159186320033113, -3.8661437257551263, 1.5865763669191235, 1.895490912231793, 8.866676895172134, -8.986994028651221, -6.7674830968584825, 9.323162354209348, 9.642816780872185]];biases=[-2.9897020007996016, 7.076717852674623, -2.0619488483322668, 9.04035119483142, -7.783618293213723, 1.9179256904959914, -0.23565852120284703, 9.822838976296822, 4.524117690672462, -3.157919797476332, 0.059549719143149105, -8.852175410548188, -2.6672950921225347, 9.395437991889878, 5.467024792934847, 4.825238350279742];activationFunc=ReLu}
layer2: Layer{weights=[[5.220565564529949, -2.4042333617424783, -8.916489610825579, 3.9383571748257946, -2.200273369934904, -3.35401269420883, 1.368848896051718, -5.7244102980868306, 8.019861451616862, 0.2413251159670171, 9.454203829383907, -7.940991157677713, 7.805440132706558, -2.8926696162557537, -5.285239611724657, 8.95039726808437]];biases=[3.2148617603404066];activationFunc=Sigmoid}
]
}
NeuralNetwork{
Number_of_neurons: [5,16,16,1]
layers:
[layer0: Layer{weights=[[-0.6349089594047221, -6.60153054320814, 8.121123402268687, -7.829363404655316, 2.6282073880603996],[1.4957000832720588, 2.5508148791268077, -3.88838260195185, -5.5928050474637425, 9.354002160384304],[8.04741374055832, -1.4427638548364836, -6.915188184781325, -5.562015572005863, -6.227444167845855],[-7.296321470624894, 7.932507028669207, -5.9496341620655, 4.942175757392773, -4.377515660292257],[4.012714287965373, -8.27422176428222, -0.33260216465216885, -3.162502950947652, -8.898452642284587],[4.810835195005684, -2.495529624861083, -8.271694813571251, 5.03219787899765, -1.751861014402298],[-9.302562036865773, -1.7210030361936681, 5.82674377916752, 4.942275645367378, 0.7844904521266258],[-6.267824794952956, 5.52796058337654, -2.8620657872135613, -8.200615502636357, 8.15079581834706],[0.027304546220861425, -6.0454629472900105, -8.785237833406619, 8.316182356292178, 5.9901957598270705],[6.395246916442574, 2.330577392832172, 2.441330319246603, -6.723672472969707, 0.8549845704462395],[-3.186815155820801, -6.145581590231021, -4.789157406012762, -2.0498086528829296, 7.921949599776976],[-9.891788740037592, 2.081921634501809, -7.614200349973883, -2.9867215723360374, -7.103178615819148],[-5.571513550314893, 4.592567003988869, 7.577672140785367, -6.287911088317511, -8.966475319513588],[-1.1375085786097667, -9.82254066577992, -2.24632592783069, 5.890818500799551, -3.002827368035444],[7.3302479493182595, 0.1591684237586417, 1.1329966533355815, 1.3116665916743635, -4.051808547030458],[5.948728867593513, 2.6158568353612637, 0.6324867963186716, 3.048536717574157, 4.130486539793353]];biases=[-9.814066122064485, 7.055158693334455, 9.285141495862533, -2.754229241137942, 5.615322562758056, -9.48376544036126, -8.171039884609211, -8.223914850166942, -2.2302024831957956, -6.726538580978627, -9.84064486447566, 6.514027084493815, 6.783299562023242, -2.7808351262876023, -0.02379704905082214, -2.7478009057904496];activationFunc=ReLu}
layer1: Layer{weights=[[6.08519637603014, -3.9441243709450973, 1.967450823989541, -1.699469134815848, 0.6533053915988027, 4.005500994467932, -1.4324641790617996, 9.679590610238265, -2.29570743351172, 8.257492021401585, -3.8540245132786355, 7.298082770201301, -6.773109475341956, -3.3573894242448947, -8.796857254809936, -6.898853503789222],[-5.013083505305818, 2.10230724661562, 4.538046749147799, 1.6361927823041853, 1.076900135901992, 9.462618159820678, -6.329451598545274, 1.521827741945934, -6.578245151677454, 3.1324424735630334, -4.156279110493577, 3.575005270287779, -1.071483353004501, 4.326007436871151, -0.2719513251627781, 0.074398412899356],[-6.958507329653871, 7.339288379156784, -9.34524088891662, 0.4070582322241716, -1.0787888529187732, 5.22814130538594, -1.6441337925305017, -5.506860147194386, -0.4524161003295841, 4.197215646924132, 4.815754082865453, -5.468289044005276, 9.754728303036778, 2.1018283313543424, 4.475289417455334, 4.619110374061817],[-9.46307371121254, 7.824813284649814, 5.510546800188106, -2.123751172494681, 8.922229150622872, 0.4135056563415631, -7.999079203561072, -8.54377106765594, -6.707748454295928, -3.0310250958781477, 5.285092932914816, -2.1290636932959117, 6.23371742426912, 0.8213111871327818, -5.550328030976736, 2.9491698422460555],[-5.160630640845946, -2.451748959402318, -0.9258794540949538, -9.943845849352273, 1.8328727735639347, -8.791917229832627, -4.363875948956039, 6.1611489252096945, 9.974373940264407, 3.773369706660244, -8.879425910980945, -2.600259949955319, 6.910419355415883, 1.7258823105958339, 5.896456700177467, -2.2212494046007265],[-2.0360487073496314, 7.122297810491322, 9.382761811026118, 1.40265847672012, 0.31715091477875745, -2.5357832955824833, 7.558990105851148, -6.158972720686069, -2.0673553631607593, 2.906433822292236, -0.8490629829438028, -4.928872001860716, -0.7202596041271825, -9.979743026184975, 4.259974282388557, -7.900662621536785],[3.4650351506019845, 6.477446204623458, -1.1714969418232517, -7.1666730609490825, 7.422455345806178, -0.12940706434076965, -6.878755572925803, 9.848061408863899, 2.6514670107735405, 2.3863668842592407, -3.1929601162752324, -2.5211959927403393, 8.297910579795765, 5.624241595623134, 4.970369585049244, 1.9978042308500825],[-6.595396510250802, -7.535753019408982, 3.023162619734423, 9.198721171088437, -3.518483525064335, 2.903656244047639, -8.671081938679453, 4.5761144017714805, -9.374220585979117, 0.9548655691508969, -3.907807460257093, 6.805047507924236, -7.5280378581254155, 4.993916360782071, 5.220026945675949, -6.842384597050213],[5.398766205189462, 0.9397665251880216, 4.029909179263697, -3.7931625791155383, 0.48323363099356875, 2.167748422349568, -4.787936856996858, 7.546817449154883, -9.756907889978546, -4.017969822355272, 3.8806216521123904, 6.221711793985605, -2.472670354520181, 0.7102017135935093, 1.5987781164147457, 8.837902903370196],[9.74239528835189, -7.6536305125253445, -0.5836831425939231, -3.1993306266246595, -6.683430749346897, 5.157436916037545, -6.443910509739144, 0.5685478563932058, 3.4816530472860237, 6.7805225546322845, -1.4559446805394352, 9.387308903882634, -7.366922990820884, -4.922247903062291, 8.980590765419016, 7.372603693425624],[-3.388117225286525, 3.160323904264855, 2.3747492404022594, -3.011103276458071, -6.748323559928595, -7.277031884698042, 9.472740440632496, 1.76752980820876, 9.129969291533037, 4.349907428576101, 2.906436558191709, 6.5394780783392505, -5.671734854431037, 2.8783009000762423, -4.9927595272266085, 5.503595744632253],[3.3460247124777176, 0.5351912071743836, -8.724812770996678, -0.9536207289735295, -5.325400682815173, -8.761152763867619, -2.7373249275934803, -6.947025422799569, 2.318314908221204, 0.4753910188524113, 3.526758357878899, 4.961933790069681, 2.71889522872719, 0.5694983750043434, -4.176534930571272, -7.609257808849983],[-7.32493885002889, 1.8840685560870174, -4.137872010899793, -3.332305732142391, -8.472736801357994, 5.475541959247391, -8.292739008040712, 2.6286928472401083, -8.563977113000858, 2.3378068108926264, 6.310028501534951, -0.6166451108830522, -4.336952878014763, -6.385305899855855, -2.329098943605006, -0.6592139096177352],[5.807652620725731, 7.017317646189355, 4.779609867436207, 8.324002036190702, -8.57510427327869, 2.174312360070328, -1.4447479518848212, 5.608938070090613, -8.79616371244432, -8.234424883417379, -1.55364672708515, -9.371107239012105, -4.773411930096847, -1.5537041897375268, 9.471699906931683, 9.84338576080421],[-1.3535444363547384, 0.451971814130566, 4.424361335251524, 1.7394314945514466, 0.9410391973108574, -5.674836297516115, -8.765504366748036, -3.4126221546704834, -1.0217702387325716, -0.21510577448656143, -4.438535802477381, -4.673136352767502, 1.8400300491869714, -8.441679487348097, -5.759725978141354, 8.218265601190662],[0.6811880462360591, -0.16697981774570891, -0.8729244010123871, -3.429203661719389, -2.143352826030589, -3.85207268823004, 3.4996840610372377, 4.159186320033113, -3.8661437257551263, 1.5865763669191235, 1.895490912231793, 8.866676895172134, -8.986994028651221, -6.7674830968584825, 9.323162354209348, 3.540241387399055]];biases=[-2.9897020007996016, 7.076717852674623, 2.661809834970054, 9.04035119483142, -3.939187367460626, -1.2235374768109768, -0.23565852120284703, -6.499538216812757, 7.819081831550786, -3.157919797476332, 0.059549719143149105, -8.852175410548188, -2.6672950921225347, 9.395437991889878, 5.467024792934847, 4.825238350279742];activationFunc=ReLu}
layer2: Layer{weights=[[5.220565564529949, -2.4042333617424783, -8.916489610825579, 3.9383571748257946, -2.200273369934904, -3.35401269420883, 1.368848896051718, -5.7244102980868306, -6.932316578356364, 0.2413251159670171, 9.454203829383907, -7.940991157677713, 7.805440132706558, -2.8926696162557537, -5.285239611724657, 8.95039726808437]];biases=[3.2148617603404066];activationFunc=Sigmoid}
]
}
NeuralNetwork{
Number_of_neurons: [5,16,16,1]
layers:
[layer0: Layer{weights=[[-0.6349089594047221, -6.60153054320814, 8.121123402268687, -7.829363404655316, -9.77678662552848],[1.4957000832720588, 2.5508148791268077, -8.530213786421788, -5.5928050474637425, 9.354002160384304],[8.04741374055832, -1.4427638548364836, -6.915188184781325, -5.562015572005863, -6.227444167845855],[-7.296321470624894, 7.932507028669207, -5.9496341620655, 4.942175757392773, -4.377515660292257],[4.012714287965373, -8.27422176428222, 4.174722293858839, -3.162502950947652, -8.898452642284587],[4.810835195005684, -2.495529624861083, -4.884188861461083, -1.9075264247753232, -1.751861014402298],[-9.302562036865773, -1.7210030361936681, -7.82643543855484, 4.942275645367378, -2.8786913426906473],[-6.267824794952956, 5.52796058337654, -2.8620657872135613, 6.941387236403912, 8.15079581834706],[1.3892123864120425, -6.0454629472900105, -8.785237833406619, 8.316182356292178, 5.9901957598270705],[6.395246916442574, 2.330577392832172, 2.441330319246603, -6.723672472969707, 4.418535250815712],[1.961871325037725, -6.145581590231021, -8.879378477570386, -2.0498086528829296, 7.921949599776976],[-9.891788740037592, 2.081921634501809, -7.614200349973883, -9.979184423041271, -7.103178615819148],[-5.571513550314893, 4.592567003988869, 7.577672140785367, -6.287911088317511, -8.966475319513588],[-1.1375085786097667, -9.82254066577992, 0.34760026485450624, 5.890818500799551, -3.002827368035444],[7.3302479493182595, 0.1591684237586417, 1.1329966533355815, 1.3116665916743635, -4.051808547030458],[7.416365933365839, 2.6158568353612637, 0.6324867963186716, -6.828755147202969, 4.130486539793353]];biases=[-9.814066122064485, 7.055158693334455, 9.285141495862533, 6.420091722526177, 5.615322562758056, -3.939019626439844, -8.171039884609211, -1.5862422254652468, -2.2302024831957956, -6.726538580978627, -9.84064486447566, -9.328983412190903, 6.783299562023242, -2.7808351262876023, 4.00572432663717, 6.291344900927356];activationFunc=ReLu}
layer1: Layer{weights=[[-3.15611079761614, 7.6479725941639, -4.1657091304506615, -4.570306999323512, 0.6533053915988027, 4.005500994467932, -1.4324641790617996, 9.52385286906772, -2.29570743351172, 8.257492021401585, -3.8540245132786355, 7.298082770201301, -6.773109475341956, -9.495703349443739, -8.796857254809936, -6.898853503789222],[-5.013083505305818, 5.178613806082158, 4.538046749147799, 1.6361927823041853, 1.076900135901992, -4.826287230690163, 9.659620530625183, -0.9173314394002254, -6.578245151677454, 3.1324424735630334, -4.156279110493577, 3.575005270287779, -1.071483353004501, 4.326007436871151, -0.2719513251627781, 0.074398412899356],[-6.958507329653871, 7.339288379156784, -7.518265135355399, 0.4070582322241716, -1.0787888529187732, 5.22814130538594, -1.6441337925305017, -5.506860147194386, -0.4524161003295841, 4.162762076687784, 4.815754082865453, -5.468289044005276, -7.090029876948691, 0.08218205020418168, 4.475289417455334, 3.800208368208475],[-9.46307371121254, 7.824813284649814, 5.510546800188106, -2.123751172494681, 8.922229150622872, -2.3055622619381255, -7.999079203561072, -8.54377106765594, -4.528283049124937, -3.0310250958781477, 5.285092932914816, -2.1290636932959117, 6.23371742426912, 2.719035544325113, -5.550328030976736, 2.9491698422460555],[-5.160630640845946, -2.451748959402318, -0.9258794540949538, -9.943845849352273, 1.8328727735639347, -8.791917229832627, -4.363875948956039, 6.1611489252096945, 9.974373940264407, -4.83187270561036, -8.879425910980945, -2.600259949955319, 6.910419355415883, 1.3925220842371075, 5.896456700177467, -2.2212494046007265],[-0.7213774779605604, 1.4363514656851315, 9.382761811026118, 1.40265847672012, 0.31715091477875745, 6.841964090318523, 8.294061402467051, -5.373247498967995, -2.0673553631607593, 2.906433822292236, -0.8490629829438028, -4.928872001860716, -0.7202596041271825, 7.206584236110391, 4.259974282388557, -7.900662621536785],[3.4650351506019845, 6.477446204623458, -1.1714969418232517, -7.1666730609490825, 7.422455345806178, -3.4684406143140816, -6.878755572925803, 9.848061408863899, 2.6514670107735405, 2.3863668842592407, -3.1929601162752324, -2.5211959927403393, 8.297910579795765, 5.624241595623134, 4.970369585049244, 1.9978042308500825],[-6.595396510250802, -7.535753019408982, 3.023162619734423, 9.198721171088437, 8.317019884670202, 2.903656244047639, -8.671081938679453, 8.425004984356605, -9.374220585979117, 0.9548655691508969, -3.907807460257093, 6.805047507924236, -7.5280378581254155, 4.993916360782071, 3.0584700102762703, -6.842384597050213],[5.398766205189462, 0.9397665251880216, 4.029909179263697, -3.7931625791155383, 0.48323363099356875, 2.167748422349568, 9.971991136782862, 7.546817449154883, -8.260366820817772, -4.017969822355272, 3.8806216521123904, 6.221711793985605, -2.472670354520181, 0.7102017135935093, 9.200099145368558, 8.837902903370196],[9.74239528835189, -7.6536305125253445, -0.5836831425939231, -3.1993306266246595, 6.794760400644208, 5.157436916037545, -6.443910509739144, 0.5685478563932058, 3.4816530472860237, 6.7805225546322845, -1.4559446805394352, 2.7169971745541446, -2.346419435132823, -4.922247903062291, 8.980590765419016, 7.372603693425624],[-3.388117225286525, -6.544606369267529, 2.3747492404022594, -5.785525932171582, 7.430873489204895, -7.277031884698042, 9.472740440632496, 1.76752980820876, 9.129969291533037, 4.349907428576101, 2.906436558191709, 6.5394780783392505, -5.671734854431037, 2.8783009000762423, -4.9927595272266085, 5.503595744632253],[3.3460247124777176, 0.5351912071743836, -8.724812770996678, -8.950266275157466, -5.325400682815173, -8.761152763867619, -2.7373249275934803, -6.947025422799569, 2.318314908221204, 0.4753910188524113, 3.526758357878899, 9.684923595852144, 2.71889522872719, -7.359198172497885, -4.176534930571272, 9.816854482641343],[9.891757858888298, 1.8840685560870174, -4.137872010899793, -3.332305732142391, -3.9570633332321625, 5.475541959247391, -8.292739008040712, 2.6286928472401083, -8.563977113000858, 2.3378068108926264, -1.5882354208124756, -0.6166451108830522, -4.336952878014763, -6.385305899855855, -8.48861030459158, 5.8113083487878185],[5.807652620725731, 7.017317646189355, 4.779609867436207, 8.324002036190702, -8.57510427327869, 2.174312360070328, -1.4447479518848212, 5.608938070090613, -8.79616371244432, 7.99761627435878, -1.55364672708515, -9.371107239012105, -4.773411930096847, -1.5537041897375268, 9.471699906931683, 1.3440934239016489],[-1.3535444363547384, 8.71715202641251, 4.424361335251524, 1.7394314945514466, 0.9410391973108574, -5.674836297516115, -3.0596515024871014, -3.4126221546704834, -1.0217702387325716, -0.9433106799543705, 6.678151524743736, -4.673136352767502, 1.8400300491869714, -8.441679487348097, -5.759725978141354, 8.218265601190662],[0.6811880462360591, -0.16697981774570891, -0.8729244010123871, -3.429203661719389, -2.143352826030589, -3.85207268823004, 3.4996840610372377, 4.159186320033113, -3.8661437257551263, 1.5865763669191235, 1.895490912231793, 8.866676895172134, -8.986994028651221, 9.54272124614856, 9.323162354209348, 9.642816780872185]];biases=[-2.9897020007996016, -4.990498677101178, 2.661809834970054, 9.04035119483142, -7.783618293213723, -1.2235374768109768, -0.23565852120284703, 9.822838976296822, 4.524117690672462, -3.157919797476332, 0.059549719143149105, -8.852175410548188, -2.6672950921225347, 9.395437991889878, 5.467024792934847, 4.825238350279742];activationFunc=ReLu}
layer2: Layer{weights=[[5.220565564529949, -2.4042333617424783, 6.1430100762043125, 3.9383571748257946, -2.200273369934904, -3.35401269420883, 1.368848896051718, -5.7244102980868306, 8.019861451616862, 0.2413251159670171, 9.454203829383907, -7.940991157677713, 7.805440132706558, -2.8926696162557537, -5.285239611724657, 8.95039726808437]];biases=[-6.023213694422706];activationFunc=Sigmoid}
]
}