x= 290.0
generationNumber= 4
bestScore= 1162587
radius= 12.0
maxPipeX= 1060.0
floorY= 540.0
mutationChance= 0.1
max_bias= 10.0
min_bias= -10.0
max_weight= 10.0
min_weight= -10.0
NeuralNetwork{
Number_of_neurons: [5,16,16,1]
layers:
[layer0: Layer{weights=[[-2.6232686142076016, -3.9584141111051707, 8.616623019933115, -7.836906681949499, 8.475700048370346],[9.657616966369872, -6.70252533300741, -2.801465351216123, -7.172661605590191, 4.91107570003315],[7.730987490454972, -6.777327770559709, 3.7444449248960012, 6.906456956231047, -4.391099213388793],[1.0860697106429402, 4.992433309582875, 3.64140179638229, 0.9858445648683762, 6.581497956024851],[-0.8594064029040744, 6.339165842457973, 0.4070623119770218, -2.1627097486926345, -6.919890084397262],[-6.123418270185255E-4, -5.461988608336186, 8.216619983435216, -2.538508835806022, 7.377944319195848],[4.492500220620318, 1.827536930436855, -5.083438496777335, 5.360650054449573, -5.956088002023123],[6.757226851962148, 1.6170925560178553, 0.3521931642574927, 8.374703872806336, 2.6061660235903172],[-3.6164924364480067, 6.26448613499387, 2.194169463576369, 7.4401724784888685, -8.951220453644408],[-4.712875199020454, -7.33126627436768, -4.089126637389951, -1.4164092525811274, -3.4147792726043154],[5.939771234777439, 1.896139912254288, 6.296394148378564, 4.602264475526763, 0.20876298666468784],[-0.20193608880354041, 6.254647669336862, 5.398129354913845, -3.0293077008076814, -3.324386486319659],[-3.7821516475965637, -1.4626032534246942, -6.144110109538008, -5.978740401113287, 5.9706678159978726],[0.6180695526009572, -6.0422960281404725, 3.6642183434745412, 3.9270782625552396, 3.5596246537129197],[-8.97979687402971, -5.0762014187749305, 4.816505080897937, 7.394139142278256, 2.778661628825631],[-8.934451604758387, -0.7496888127824448, -5.574252303564034, 2.8689717616092807, 9.572494684403377]];biases=[3.3194165812780803, -5.99790651309235, 3.5484000436248877, 1.1119373561234003, -5.623051814702338, -2.182232317674899, 8.862404661751128, -1.153580434426523, -7.468096193596267, -7.678161238228272, 5.04478555821324, 6.581275095978164, 3.483410443035188, -9.608061681991009, 4.1896985318349085, 2.99541888062517];activationFunc=ReLu}
layer1: Layer{weights=[[-3.2145113635704163, 6.296132972454853, 6.363649642923733, 2.758143681054383, 4.68638790966458, 6.245654429407516, 6.812491649158435, 8.420204694611925, 9.791040630768194, 7.984496667691509, -8.068109169660922, -5.790152757145703, 7.347752397564491, -5.801615575864345, 0.4066234870707408, 2.7971938398673437],[5.316288751650717, 4.304096004584503, -2.4463254661119382, -8.946367026947213, -4.252679747054373, -6.508251081662559, 6.161608955828612, 8.582393359665772, 9.82713484626283, -8.196387123137134, -9.958774444205908, 1.0917155760752717, -6.124157086404354, -8.51114375343457, 3.317387276328141, -6.597401789404891],[-3.3379718163536225, -9.242789590682186, 8.575235362822053, 1.9533485620569184, -9.073212439076627, -1.511678103225627, 6.612149219095972, 1.6523583092199097, -7.039798435973941, -1.4574629800362633, 7.759384849347629, -1.8195149935485162, -9.26231996305515, 1.9389901637654638, -8.381809341957688, -0.7488963225792489],[9.270069169229888, 4.552737062060515, -6.533882847121695, -2.3326102767426065, 5.741809314135001, -4.399662179086661, 7.045414239618417, 0.4053706343257666, -7.831046178123771, -3.025597725366551, 3.9762271268900147, 2.406471414584887, -3.721050566839212, -1.7758732385775033, -5.5311977545717035, 5.513050283190497],[-4.893484272008242, -7.174216068487029, -5.179749713310904, 3.7975429361047315, 7.721214123495301, 9.457996446806135, -8.577044098886194, 1.399098808680126, -0.009175899303297541, -2.2834083487224044, 9.2270784084, 4.469890096954197, -1.13382814519996, -5.3974574105407775, 6.009882402596254, -5.053460006240917],[-9.82240065188391, 5.475634188239978, 4.158220425603137, -9.399590315684154, 9.764777431614696, -3.687058328085109, 3.4576334704538993, 3.1837638916098037, 6.750114339101366, 3.395044236258107, 3.9439061944278198, 4.477102164531823, 3.4372411883675564, 8.222745845521018, 7.126177097200596, -1.3437495883686772],[-2.652115012867567, 6.565322075182348, 6.539140094542127, 3.168507427630953, 8.752606789895118, -2.921593459528715, 6.60261247241726, -6.0891587113437184, 0.11427250922962706, 6.115571578811533, -1.4870047674370177, -1.8241080525380777, -5.833340800337861, 4.586767429003498, -1.837972692198111, 4.839977729705767],[5.032430612950073, 9.325271619568362, 8.06206589226867, 0.646823245239931, 6.0467946506188, -6.0552371543018735, 8.218289250440932, -9.721015189225621, -4.021711249874908, -5.6117064296415915, 8.13904852946759, -4.364606751806754, -7.7555340802026755, 0.13960558103982557, 0.3653281767550318, 8.028950344043572],[-3.594858853977046, -8.113902154731075, -5.426106691289585, -4.2818976256971375, 4.160841628844054, -2.2203275293741793, -0.6040828455263476, 4.68307206994073, -9.322777467407924, -0.4947976901343374, -4.283664425342632, -5.866196721293213, -2.5167056055695554, 8.432469152114262, 7.714989864105593, 3.0849093764376754],[0.4443963077185735, -7.559050449108429, -2.192476654639581, 2.7936720856744373, 7.90632476186336, -1.395758258139253, 7.663980429679146, -9.433619997142808, 4.526850871751943, -7.686245544730879, -6.051000493070364, -5.777954602821504, 3.7535535214901756, 1.138441064729978, -6.502426742900164, 4.603824980525641],[-6.1815806608936, 8.075646423680244, 4.205716995028503, -2.0145505972604187, -5.173287806799063, 9.932337613775651, 5.311862628989523, -6.6435860704906835, -0.19435986822620777, -7.467825166934816, 0.046214334578319693, -4.014647192446326, -3.102246978207395, 5.708481737172688, 4.746691262547444, 2.526315321581645],[9.64014550042323, 0.3342104042413041, -3.8249564023684197, 7.447039001131273, -5.334384818610194, -2.388118135199006, 9.26487700391139, -4.679335093525172, 4.523828446424805, 9.185402501233423, 8.887407393703366, -6.740257259085729, 9.135670823203967, 2.9257397743888447, -5.418831195699603, -3.9752090984839956],[4.633629405635487, 8.43236921432052, 1.8061220467078538, 2.3881177515772283, -0.5849820545026834, -9.191002113188258, -2.1921545053428293, 9.333489870760353, 4.772843014356011, 5.087960338852927, -9.911732928817539, 5.232970737816968, 9.64990880444401, -4.840185454424011, -1.8193058350503826, -0.7227258541514043],[-6.071368337493277, 0.4020775306090041, 4.42264445799313, 0.8967796287503216, 9.096264088457406, 5.7095999427734885, -4.107630083171873, -5.913370803349432, 6.911828429671743, -3.5673622179662328, -8.210971227909312, 6.107972463566842, -5.488213385689393, 3.9368752869207704, 8.489234598145977, 2.4836363453318313],[-2.2243508836604997, -9.453073071374781, 3.8795139195789297, -7.953666818006091, 9.726084807833498, -6.208664237834953, -8.656438521454303, -6.896211577622189, -4.234092539332743, 1.291887550259263, -5.49982856923971, 7.867636666698306, 8.823827855128293, -0.2908808194496153, -8.731994068526419, 6.084955114419618],[4.375414822201609, 7.168265183686401, 2.0635507144384206, 2.5886078771673766, 4.256724669833078, -0.618252602385267, 8.42837471104168, -9.557210094072047, -5.1194705708235455, 0.8032924762225306, 3.3147417062475597, 3.996135323015137, -0.9222202925097971, 0.7639659013890849, 3.7751356282003368, -1.6463490443381374]];biases=[1.9297073635130282, -9.388017815526394, 7.992115484529023, -8.192033797568627, -9.291897094396276, 5.332079184002094, -7.976981888740065, -0.5872903000693501, 3.1371789854911842, -2.868394042919105, 3.708479945855423, 7.966672302432407, 5.978905442598922, -6.749064604951458, -4.118161831129006, 5.180855987390753];activationFunc=ReLu}
layer2: Layer{weights=[[9.634878746892038, -3.855806608466872, -9.696091579705206, 9.370147794368282, -1.7295718130281674, -6.885888034601253, 2.241666148893046, -1.8699450454178361, 9.161150036448912, -0.5898239657007327, 6.461216170263597, -6.175080433541766, 8.287302342839926, -4.249632832142112, 2.0735299624092924, 5.581628542486845]];biases=[-8.738435268876918];activationFunc=Sigmoid}
]
}
NeuralNetwork{
Number_of_neurons: [5,16,16,1]
layers:
[layer0: Layer{weights=[[-2.6232686142076016, -3.9584141111051707, 8.616623019933115, -7.836906681949499, -3.591791490822514],[9.657616966369872, -6.70252533300741, -6.016891843832135, -7.172661605590191, 4.91107570003315],[7.730987490454972, -6.777327770559709, 3.7444449248960012, 6.062733745634265, -4.391099213388793],[1.0860697106429402, 4.992433309582875, 3.64140179638229, 0.9858445648683762, 6.581497956024851],[-0.8594064029040744, -4.566585966341659, 0.4070623119770218, -2.1627097486926345, -6.919890084397262],[-6.123418270185255E-4, -5.461988608336186, 8.216619983435216, -2.538508835806022, 0.7000299269318084],[4.492500220620318, 1.827536930436855, 0.7583975394801339, 5.360650054449573, 3.7667866004406427],[-4.132433636823, 1.6170925560178553, 0.3521931642574927, 8.374703872806336, 2.6061660235903172],[-3.6164924364480067, 6.26448613499387, 2.194169463576369, 7.4401724784888685, -8.951220453644408],[-4.712875199020454, -7.33126627436768, -4.089126637389951, -1.4164092525811274, -3.4147792726043154],[5.939771234777439, 1.896139912254288, 6.296394148378564, 4.602264475526763, 0.20876298666468784],[-0.20193608880354041, 6.254647669336862, 5.398129354913845, -3.0293077008076814, -3.324386486319659],[-3.7821516475965637, -1.4626032534246942, -6.144110109538008, -5.978740401113287, 5.9706678159978726],[0.6180695526009572, -6.0422960281404725, 3.6642183434745412, 3.9270782625552396, 3.5596246537129197],[-8.97979687402971, -5.0762014187749305, 4.816505080897937, 7.394139142278256, 2.778661628825631],[-8.934451604758387, -0.7496888127824448, -5.574252303564034, 2.8689717616092807, 9.572494684403377]];biases=[3.3194165812780803, -5.99790651309235, 3.5484000436248877, 1.1119373561234003, -5.623051814702338, -8.330796390241362, 8.862404661751128, 8.131483527054232, -7.468096193596267, -7.678161238228272, 5.04478555821324, 0.39122274965003534, -6.142065490657638, -9.608061681991009, 4.1896985318349085, 2.99541888062517];activationFunc=ReLu}
layer1: Layer{weights=[[-3.2145113635704163, 6.296132972454853, 6.363649642923733, -0.04456274044803621, 4.68638790966458, 6.245654429407516, 6.812491649158435, 8.420204694611925, 9.791040630768194, 7.984496667691509, -8.068109169660922, -5.790152757145703, 7.347752397564491, -5.801615575864345, 0.4066234870707408, 2.7971938398673437],[-2.4234256399615557, 4.304096004584503, -2.4463254661119382, -8.946367026947213, -4.252679747054373, -6.508251081662559, 6.161608955828612, 8.582393359665772, 9.82713484626283, -8.196387123137134, 2.5365755877158858, 1.0917155760752717, -7.654320011327867, -8.51114375343457, 3.317387276328141, 2.635485382400841],[5.506593090841507, -9.242789590682186, 8.575235362822053, 1.9533485620569184, -9.073212439076627, 3.2429218832087603, 6.612149219095972, 1.6523583092199097, -7.039798435973941, -1.4574629800362633, 7.759384849347629, -1.8195149935485162, -9.26231996305515, 1.9389901637654638, -8.381809341957688, -0.7488963225792489],[9.973073901610636, -7.4087152179747, 5.929818872849985, -2.3326102767426065, 5.741809314135001, -4.399662179086661, 7.045414239618417, 0.4053706343257666, -7.831046178123771, -3.025597725366551, 4.6396310221041865, 2.406471414584887, -3.721050566839212, -1.7758732385775033, -5.5311977545717035, 5.513050283190497],[8.469229722586462, 6.844796250447796, -5.179749713310904, 3.7975429361047315, 7.721214123495301, 9.457996446806135, 5.784077335751814, 1.399098808680126, -0.009175899303297541, -2.2834083487224044, 9.2270784084, 4.469890096954197, -1.13382814519996, -5.3974574105407775, 6.009882402596254, -5.053460006240917],[-9.82240065188391, 5.475634188239978, 4.158220425603137, -9.399590315684154, 9.764777431614696, -3.687058328085109, 3.4576334704538993, 3.1837638916098037, 6.750114339101366, 3.395044236258107, 3.9439061944278198, 4.477102164531823, 3.4372411883675564, 6.421345429702605, 7.126177097200596, -1.3437495883686772],[-2.652115012867567, 6.565322075182348, 6.539140094542127, 3.168507427630953, 0.929963770759457, -2.921593459528715, 3.515870472920824, -6.0891587113437184, 0.11427250922962706, 6.115571578811533, -1.4870047674370177, -1.8241080525380777, -5.833340800337861, 4.586767429003498, -1.837972692198111, 4.839977729705767],[-3.822876527789112, 9.325271619568362, 8.06206589226867, 0.646823245239931, -2.466495020373425, -6.0552371543018735, 8.218289250440932, -9.721015189225621, -4.021711249874908, -5.6117064296415915, 8.13904852946759, -4.364606751806754, -7.7555340802026755, 0.13960558103982557, 0.3653281767550318, -4.010339788237529],[-3.594858853977046, -8.113902154731075, -5.426106691289585, -4.2818976256971375, 4.160841628844054, -2.2203275293741793, -0.6040828455263476, 4.68307206994073, -9.322777467407924, -0.4947976901343374, -9.147394836612259, -5.866196721293213, -2.5167056055695554, 8.432469152114262, 6.801224822887487, 3.0849093764376754],[0.4443963077185735, -7.559050449108429, -2.192476654639581, 6.261337907446162, 7.90632476186336, -8.782531656683997, -9.938549908831963, -4.597622686103932, 4.526850871751943, -7.686245544730879, -6.051000493070364, -9.968870440936206, 3.7535535214901756, 1.138441064729978, 8.343934398657375, 4.603824980525641],[-6.1815806608936, 8.075646423680244, 4.205716995028503, -8.752681357819103, -5.173287806799063, -9.548332854589665, 5.311862628989523, -6.6435860704906835, -0.19435986822620777, -7.467825166934816, 0.046214334578319693, -4.014647192446326, -3.102246978207395, 5.708481737172688, 4.746691262547444, 2.526315321581645],[9.64014550042323, 0.3342104042413041, -8.676928765046227, 7.447039001131273, -5.334384818610194, -2.388118135199006, 9.26487700391139, -4.679335093525172, 4.523828446424805, 9.185402501233423, -1.0032240666135017, -6.740257259085729, -5.433171875621461, 2.9257397743888447, -2.0617701952638967, -3.9752090984839956],[-1.6244310122109482, 8.43236921432052, 1.8061220467078538, 2.3881177515772283, -0.5849820545026834, -9.191002113188258, -5.3912019081988145, 9.333489870760353, 4.772843014356011, 5.087960338852927, -9.911732928817539, 5.232970737816968, 9.64990880444401, -4.840185454424011, -1.8193058350503826, -0.7227258541514043],[-6.071368337493277, 0.4020775306090041, 1.1413454010317459, 0.8967796287503216, 9.096264088457406, 8.781564523242757, -4.107630083171873, -5.913370803349432, 6.911828429671743, -3.5673622179662328, -8.210971227909312, 6.107972463566842, -5.488213385689393, 8.1351126446365, 8.489234598145977, 7.287182907929008],[-2.2243508836604997, -9.453073071374781, 3.8795139195789297, -3.3370864732422323, 9.726084807833498, -6.208664237834953, -8.656438521454303, -6.896211577622189, -4.234092539332743, 1.291887550259263, 3.488920206622515, 7.867636666698306, 8.823827855128293, -0.2908808194496153, -8.731994068526419, 6.084955114419618],[4.375414822201609, 7.168265183686401, 2.0635507144384206, 2.5886078771673766, 4.256724669833078, -0.618252602385267, 8.42837471104168, -9.557210094072047, -5.1194705708235455, 0.8032924762225306, 1.3154896971788688, -3.5585793655092646, -0.9222202925097971, 0.7639659013890849, 3.7751356282003368, -1.6463490443381374]];biases=[1.9297073635130282, -4.26508617627674, 7.992115484529023, -8.192033797568627, -9.291897094396276, -9.42285160299723, 4.185693575692786, -5.042139395108743, 3.1371789854911842, -2.868394042919105, 3.708479945855423, 7.966672302432407, 5.978905442598922, 6.824845949940329, -4.118161831129006, 5.180855987390753];activationFunc=ReLu}
layer2: Layer{weights=[[9.634878746892038, -3.855806608466872, -9.696091579705206, 9.370147794368282, -1.7295718130281674, -6.885888034601253, 2.241666148893046, 5.532682678097689, 0.665692847037338, 5.372893076036922, 6.461216170263597, -6.175080433541766, 8.287302342839926, -4.249632832142112, 2.0735299624092924, 5.581628542486845]];biases=[-8.738435268876918];activationFunc=Sigmoid}
]
}
NeuralNetwork{
Number_of_neurons: [5,16,16,1]
layers:
[layer0: Layer{weights=[[-2.6232686142076016, -3.9584141111051707, 8.616623019933115, -7.836906681949499, 8.475700048370346],[9.657616966369872, -6.70252533300741, -6.016891843832135, -7.172661605590191, -9.958946356327012],[7.730987490454972, -6.777327770559709, 3.7444449248960012, 6.062733745634265, -4.391099213388793],[1.0860697106429402, 4.992433309582875, 3.64140179638229, 0.9858445648683762, 6.581497956024851],[-0.8594064029040744, 6.339165842457973, 0.4070623119770218, -2.1627097486926345, -6.919890084397262],[-6.123418270185255E-4, -5.461988608336186, 8.216619983435216, -2.538508835806022, 0.7000299269318084],[4.492500220620318, 1.827536930436855, -5.083438496777335, 5.360650054449573, 3.7667866004406427],[-4.132433636823, 1.6170925560178553, 0.3521931642574927, 8.374703872806336, 2.6061660235903172],[0.35359419168530337, 6.26448613499387, 2.194169463576369, 7.4401724784888685, -8.951220453644408],[8.160058892979617, -7.33126627436768, -4.089126637389951, -1.4164092525811274, -3.4147792726043154],[5.939771234777439, 1.896139912254288, 6.296394148378564, 4.602264475526763, 0.20876298666468784],[-0.20193608880354041, -9.720668250621046, 5.398129354913845, -3.0293077008076814, -3.324386486319659],[-6.519199385687964, -1.4626032534246942, -6.144110109538008, -5.978740401113287, 5.9706678159978726],[0.6180695526009572, -6.0422960281404725, 3.6642183434745412, 3.9270782625552396, 3.5596246537129197],[-8.97979687402971, -5.0762014187749305, 4.816505080897937, 7.394139142278256, 2.778661628825631],[-7.166034446407812, -0.7496888127824448, -5.574252303564034, 2.8689717616092807, 9.572494684403377]];biases=[3.3194165812780803, -5.99790651309235, 3.5484000436248877, 1.1119373561234003, -5.623051814702338, -8.330796390241362, 8.862404661751128, -1.153580434426523, -7.468096193596267, -7.678161238228272, 5.04478555821324, 0.39122274965003534, 3.483410443035188, -9.608061681991009, 4.1896985318349085, 2.99541888062517];activationFunc=ReLu}
layer1: Layer{weights=[[-3.2145113635704163, -0.7460896908024583, 6.363649642923733, 2.758143681054383, 4.68638790966458, 6.245654429407516, 6.812491649158435, -5.922016376700501, 9.791040630768194, 7.984496667691509, -8.068109169660922, -5.790152757145703, 7.347752397564491, -5.801615575864345, 0.4066234870707408, 2.7971938398673437],[5.316288751650717, 4.304096004584503, -2.4463254661119382, -8.946367026947213, -4.252679747054373, -6.508251081662559, 6.161608955828612, 8.582393359665772, 9.82713484626283, -8.196387123137134, -9.958774444205908, 1.0917155760752717, -7.654320011327867, 3.845394696449592, 3.317387276328141, 2.635485382400841],[5.506593090841507, -9.242789590682186, 8.575235362822053, 1.9533485620569184, -9.073212439076627, -7.590125404968358, 6.612149219095972, 1.6523583092199097, -7.039798435973941, 5.143651423370679, 7.759384849347629, -1.8195149935485162, -4.298851058659688, 1.9389901637654638, -8.381809341957688, -0.7488963225792489],[9.270069169229888, -7.4087152179747, 2.9686090203587376, -2.3326102767426065, -6.188600156765503, -4.399662179086661, 7.045414239618417, 0.4053706343257666, -7.831046178123771, -3.025597725366551, -7.395784425606844, 2.406471414584887, -3.721050566839212, -8.81662446235885, -5.5311977545717035, 5.513050283190497],[8.469229722586462, -7.174216068487029, -5.179749713310904, 3.7975429361047315, 7.721214123495301, 9.457996446806135, 5.784077335751814, 1.399098808680126, -0.009175899303297541, -2.2834083487224044, 9.2270784084, 4.469890096954197, -1.13382814519996, -5.3974574105407775, 6.009882402596254, -5.053460006240917],[-9.82240065188391, 5.475634188239978, 4.158220425603137, -9.399590315684154, 9.764777431614696, -3.687058328085109, 3.4576334704538993, 3.1837638916098037, 6.750114339101366, 3.395044236258107, -9.038436079852998, 4.477102164531823, 3.4372411883675564, 6.421345429702605, -7.741240688917436, -1.3437495883686772],[-2.652115012867567, 6.565322075182348, 6.539140094542127, 3.168507427630953, 0.929963770759457, -2.921593459528715, 3.515870472920824, -6.0891587113437184, 0.11427250922962706, 6.115571578811533, -1.4870047674370177, -1.8241080525380777, -5.833340800337861, 4.586767429003498, -1.837972692198111, 4.839977729705767],[-3.822876527789112, 8.839471259774541, 8.06206589226867, 0.646823245239931, 6.0467946506188, -6.0552371543018735, -4.2161537009514305, -9.721015189225621, -4.021711249874908, -5.6117064296415915, -0.07789385881637045, -4.364606751806754, -7.7555340802026755, 0.13960558103982557, 0.3653281767550318, -4.010339788237529],[-3.594858853977046, -2.6871930823194923, -5.426106691289585, -4.2818976256971375, 7.674206420926939, -2.2203275293741793, -0.6040828455263476, 4.68307206994073, -9.322777467407924, 7.0689615593827355, -4.283664425342632, -5.866196721293213, -2.5167056055695554, 8.432469152114262, 6.801224822887487, 3.0849093764376754],[0.4443963077185735, -7.559050449108429, -2.192476654639581, 2.7936720856744373, -8.515559618268014, -8.782531656683997, -9.938549908831963, -9.433619997142808, 4.526850871751943, -7.686245544730879, -6.051000493070364, -0.7744197475615451, 3.7535535214901756, 1.138441064729978, 8.343934398657375, -3.3477811674014664],[-6.1815806608936, 8.075646423680244, 4.205716995028503, -2.0145505972604187, -5.173287806799063, 9.932337613775651, 5.311862628989523, -6.6435860704906835, -0.19435986822620777, -7.467825166934816, 0.046214334578319693, -4.014647192446326, -2.5524334022388224, 5.708481737172688, 4.746691262547444, 2.526315321581645],[9.64014550042323, 0.3342104042413041, -8.676928765046227, 7.447039001131273, -5.334384818610194, -2.388118135199006, 9.26487700391139, -4.679335093525172, 4.523828446424805, 9.185402501233423, -1.0032240666135017, -6.740257259085729, -5.433171875621461, 2.9257397743888447, -9.210180113944995, -3.9752090984839956],[-1.6244310122109482, 8.43236921432052, 1.8061220467078538, 2.3881177515772283, -0.4791079929522226, -9.191002113188258, -5.3912019081988145, 9.333489870760353, 4.772843014356011, 5.087960338852927, -9.911732928817539, 5.232970737816968, 9.64990880444401, -4.840185454424011, -1.8193058350503826, -0.7227258541514043],[6.721532372255126, 0.4020775306090041, 4.42264445799313, 0.8967796287503216, 9.096264088457406, 5.7095999427734885, -4.107630083171873, -5.913370803349432, 6.911828429671743, -3.5673622179662328, -8.210971227909312, 6.107972463566842, -5.488213385689393, 8.1351126446365, 8.489234598145977, 2.4836363453318313],[-2.2243508836604997, -9.453073071374781, 3.8795139195789297, -7.953666818006091, 9.726084807833498, -6.208664237834953, -8.656438521454303, -6.896211577622189, -4.234092539332743, 1.291887550259263, -5.49982856923971, 7.867636666698306, 8.823827855128293, 0.27871050477809334, -8.731994068526419, 6.084955114419618],[4.375414822201609, 7.168265183686401, 2.0635507144384206, 2.5886078771673766, -6.388878549145858, -0.618252602385267, 8.42837471104168, -9.557210094072047, -5.1194705708235455, 2.222427233973935, 1.3154896971788688, 3.996135323015137, -0.9222202925097971, 0.7639659013890849, 3.7751356282003368, -1.6463490443381374]];biases=[1.9297073635130282, -3.9363096898606393, 7.992115484529023, -8.192033797568627, -9.291897094396276, -9.42285160299723, -7.976981888740065, -5.042139395108743, 3.1371789854911842, -2.868394042919105, 3.708479945855423, 7.966672302432407, 5.978905442598922, 6.808554667452761, -4.118161831129006, 5.180855987390753];activationFunc=ReLu}
layer2: Layer{weights=[[9.634878746892038, 7.368406725240451, -9.696091579705206, 9.370147794368282, -1.7295718130281674, -6.885888034601253, 2.241666148893046, 5.532682678097689, -0.46424775640727134, -0.5898239657007327, 6.461216170263597, -6.175080433541766, 8.287302342839926, -2.715272957804073, -5.977418085067008, 5.581628542486845]];biases=[-8.738435268876918];activationFunc=Sigmoid}
]
}
NeuralNetwork{
Number_of_neurons: [5,16,16,1]
layers:
[layer0: Layer{weights=[[-2.6232686142076016, -4.675514260444739, 8.616623019933115, -7.836906681949499, 8.475700048370346],[9.657616966369872, -6.70252533300741, -6.016891843832135, -7.172661605590191, 4.91107570003315],[7.730987490454972, -6.777327770559709, 3.7444449248960012, 3.6904571375187363, -4.391099213388793],[1.0860697106429402, -7.5987873663064365, 3.64140179638229, 0.9858445648683762, 6.581497956024851],[-0.8594064029040744, 6.339165842457973, 0.4070623119770218, -2.1627097486926345, -6.919890084397262],[-6.123418270185255E-4, -5.461988608336186, 8.216619983435216, -2.538508835806022, 0.7000299269318084],[4.492500220620318, 1.827536930436855, -5.083438496777335, 5.360650054449573, 3.7667866004406427],[9.614018741815904, 1.6170925560178553, 0.3521931642574927, 8.374703872806336, 2.6061660235903172],[-3.6164924364480067, 6.26448613499387, 2.194169463576369, 7.4401724784888685, -8.951220453644408],[5.727537358313974, -7.33126627436768, -4.089126637389951, -1.4164092525811274, -3.4147792726043154],[5.939771234777439, 1.896139912254288, 6.296394148378564, 4.602264475526763, 0.20876298666468784],[-0.20193608880354041, 6.254647669336862, 5.398129354913845, -3.0293077008076814, -3.324386486319659],[-3.7821516475965637, -1.4626032534246942, -6.144110109538008, -5.978740401113287, 5.9706678159978726],[6.605330389838464, -6.0422960281404725, 3.6642183434745412, 3.9270782625552396, -0.14638319400424926],[-8.97979687402971, -5.0762014187749305, 4.816505080897937, 7.394139142278256, 2.778661628825631],[-8.934451604758387, -8.902739268161408, 2.953716031240443, 2.8689717616092807, 9.572494684403377]];biases=[-7.617406379372433, -5.99790651309235, 3.5484000436248877, 1.1119373561234003, -5.623051814702338, -8.330796390241362, 8.862404661751128, -1.153580434426523, -2.480134495059108, -7.678161238228272, 5.04478555821324, 0.39122274965003534, 3.483410443035188, -9.608061681991009, 4.1896985318349085, 2.99541888062517];activationFunc=ReLu}
layer1: Layer{weights=[[-3.2145113635704163, 6.296132972454853, 6.363649642923733, 2.758143681054383, 4.68638790966458, 6.245654429407516, 6.812491649158435, 8.420204694611925, -6.966759703065573, 8.198222401887104, 7.370453176644833, -5.790152757145703, 7.347752397564491, -5.801615575864345, 0.4066234870707408, 2.7971938398673437],[5.316288751650717, 4.304096004584503, 5.687610922940774, -8.946367026947213, -4.252679747054373, 7.774635839429685, 6.161608955828612, 8.582393359665772, -4.355266141584451, -8.196387123137134, -9.958774444205908, 1.0917155760752717, -7.654320011327867, -8.51114375343457, 3.317387276328141, 2.635485382400841],[5.506593090841507, -9.242789590682186, 8.575235362822053, 1.9533485620569184, -0.4294002001509334, 3.2429218832087603, 6.612149219095972, 0.5128607632781801, -7.039798435973941, -1.4574629800362633, 7.759384849347629, -1.8195149935485162, -9.26231996305515, 1.9389901637654638, -8.381809341957688, -0.7488963225792489],[9.270069169229888, 1.1096981591496835, 2.9686090203587376, -2.3326102767426065, 5.741809314135001, -4.399662179086661, 7.045414239618417, 0.4053706343257666, -7.831046178123771, -3.025597725366551, 3.9762271268900147, 2.406471414584887, -3.721050566839212, -1.7758732385775033, -5.5311977545717035, 5.513050283190497],[8.469229722586462, -7.174216068487029, -5.179749713310904, 3.7975429361047315, 7.721214123495301, 9.457996446806135, 5.784077335751814, 1.399098808680126, -0.009175899303297541, 0.6363697886080022, 9.2270784084, 4.469890096954197, -1.13382814519996, -5.3974574105407775, 6.009882402596254, -5.053460006240917],[-9.82240065188391, 5.475634188239978, 4.158220425603137, -9.399590315684154, 9.764777431614696, -3.687058328085109, 3.4576334704538993, 3.1837638916098037, 6.750114339101366, 3.395044236258107, 3.9439061944278198, 9.447771366658746, -5.2323650765090495, 6.421345429702605, 7.126177097200596, -1.3437495883686772],[-2.652115012867567, -1.3988069924352047, 6.539140094542127, 3.168507427630953, 0.929963770759457, -2.921593459528715, 3.515870472920824, -6.0891587113437184, 0.11427250922962706, 6.115571578811533, 1.6670007282792714, -8.346648348307808, -5.833340800337861, 4.586767429003498, -1.837972692198111, 4.839977729705767],[-3.822876527789112, -6.505930734421314, 8.06206589226867, 0.646823245239931, 6.0467946506188, -6.0552371543018735, 8.218289250440932, -9.721015189225621, -4.021711249874908, -5.6117064296415915, 8.13904852946759, -4.364606751806754, -7.7555340802026755, 0.13960558103982557, 0.3653281767550318, -4.010339788237529],[-3.594858853977046, -8.113902154731075, -5.426106691289585, 1.82394930177529, 4.160841628844054, -2.2203275293741793, -0.6040828455263476, 4.68307206994073, 6.228099592036401, -4.4070125127336235, -4.283664425342632, -5.866196721293213, -2.5167056055695554, 8.432469152114262, 6.801224822887487, 3.0849093764376754],[0.4443963077185735, -7.559050449108429, 1.384941100501571, 2.7936720856744373, 7.90632476186336, -8.782531656683997, -9.938549908831963, -9.433619997142808, 4.526850871751943, -7.686245544730879, -6.051000493070364, -9.968870440936206, 3.7535535214901756, 1.138441064729978, 3.0481643017337703, 4.603824980525641],[-6.1815806608936, 8.075646423680244, 4.205716995028503, -2.0145505972604187, -5.173287806799063, 9.932337613775651, 1.7925558444693461, -9.81728983119481, -0.19435986822620777, -7.467825166934816, 0.046214334578319693, -4.014647192446326, -3.102246978207395, 5.708481737172688, 4.746691262547444, -4.850069973541411],[-8.959178445221731, 0.3342104042413041, -8.676928765046227, 7.447039001131273, -5.334384818610194, -2.388118135199006, 9.26487700391139, -4.679335093525172, 4.523828446424805, 9.185402501233423, -1.0032240666135017, -9.281730817218246, -5.433171875621461, 2.9257397743888447, -9.210180113944995, 3.9570206772894956],[-1.6244310122109482, 8.43236921432052, 1.8061220467078538, 2.3881177515772283, -0.5849820545026834, -9.191002113188258, -5.3912019081988145, 9.333489870760353, 4.772843014356011, 5.087960338852927, -9.911732928817539, 5.232970737816968, 9.64990880444401, -4.840185454424011, -1.8193058350503826, -0.7227258541514043],[-6.071368337493277, 0.4020775306090041, 4.42264445799313, 2.116500784255509, 9.096264088457406, 0.3407697683974664, -4.107630083171873, -5.913370803349432, 6.911828429671743, -3.5673622179662328, -8.210971227909312, 6.107972463566842, -5.488213385689393, 8.1351126446365, 8.489234598145977, 2.4836363453318313],[-2.2243508836604997, -9.453073071374781, 3.8795139195789297, -7.953666818006091, 9.726084807833498, -3.042746628173905, -8.656438521454303, -6.896211577622189, -4.234092539332743, 1.291887550259263, -5.49982856923971, 7.867636666698306, 8.823827855128293, -0.2908808194496153, -8.731994068526419, 6.084955114419618],[4.375414822201609, 7.168265183686401, 2.0635507144384206, 2.5886078771673766, 4.256724669833078, -0.618252602385267, 8.42837471104168, -9.557210094072047, -5.1194705708235455, 0.8032924762225306, 1.3154896971788688, 3.996135323015137, -0.9222202925097971, -4.794283451232964, 3.7751356282003368, -1.6463490443381374]];biases=[1.9297073635130282, -3.9363096898606393, -1.002550270239798, -8.192033797568627, -9.291897094396276, -8.55739928717114, 5.297440516217456, -5.042139395108743, 3.1371789854911842, -2.868394042919105, 3.708479945855423, 7.966672302432407, 5.978905442598922, 6.824845949940329, -4.118161831129006, 5.180855987390753];activationFunc=ReLu}
layer2: Layer{weights=[[9.634878746892038, -3.855806608466872, -6.398056445092117, 9.370147794368282, -1.7295718130281674, -6.885888034601253, 2.241666148893046, 5.532682678097689, -0.46424775640727134, -0.5898239657007327, 6.461216170263597, -6.175080433541766, 8.287302342839926, -4.249632832142112, 2.0735299624092924, 5.581628542486845]];biases=[-8.738435268876918];activationFunc=Sigmoid}
]
}
NeuralNetwork{
Number_of_neurons: [5,16,16,1]
layers:
[layer0: Layer{weights=[[-2.6232686142076016, -3.9584141111051707, 9.655767089076807, -7.836906681949499, 2.8619343414615486],[-9.854796100367007, -6.70252533300741, -6.016891843832135, -7.172661605590191, -0.42114749363470594],[7.730987490454972, -6.777327770559709, 3.7444449248960012, 6.062733745634265, 6.433181662176629],[1.0860697106429402, 4.992433309582875, 3.64140179638229, 0.9858445648683762, 6.581497956024851],[-0.8594064029040744, 6.339165842457973, 0.4070623119770218, -2.1627097486926345, -6.919890084397262],[-6.123418270185255E-4, -5.461988608336186, 8.216619983435216, -2.538508835806022, 0.7000299269318084],[4.492500220620318, 1.827536930436855, 1.5971439472687123, 9.04943509621215, 3.7667866004406427],[-4.132433636823, 1.6170925560178553, 0.3521931642574927, 8.374703872806336, 2.6061660235903172],[-3.6164924364480067, 6.26448613499387, 2.194169463576369, 7.4401724784888685, -8.951220453644408],[-4.712875199020454, -7.33126627436768, -4.089126637389951, -1.4164092525811274, -3.4147792726043154],[5.939771234777439, 1.896139912254288, 6.296394148378564, 4.602264475526763, 0.20876298666468784],[-0.20193608880354041, 6.254647669336862, 5.398129354913845, -3.0293077008076814, -3.324386486319659],[-3.7821516475965637, -1.4626032534246942, -6.144110109538008, -5.978740401113287, 5.9706678159978726],[0.6180695526009572, -6.0422960281404725, 3.6642183434745412, 3.9270782625552396, 3.5596246537129197],[-8.97979687402971, -5.0762014187749305, 4.816505080897937, 7.394139142278256, 2.778661628825631],[-8.934451604758387, -0.7496888127824448, -5.574252303564034, 2.8689717616092807, 9.572494684403377]];biases=[-9.789043400213371, -5.99790651309235, 3.5484000436248877, 1.1119373561234003, -6.599369707521944, -8.330796390241362, 8.862404661751128, -1.153580434426523, -7.468096193596267, -7.678161238228272, 5.04478555821324, 0.39122274965003534, 3.483410443035188, -9.608061681991009, 4.1896985318349085, 2.99541888062517];activationFunc=ReLu}
layer1: Layer{weights=[[-3.2145113635704163, 6.296132972454853, 2.2675776657562086, 2.758143681054383, 4.68638790966458, 6.245654429407516, 6.812491649158435, 8.420204694611925, 9.791040630768194, 7.984496667691509, -8.068109169660922, -5.790152757145703, 7.347752397564491, -5.801615575864345, 0.4066234870707408, 2.7971938398673437],[5.316288751650717, 4.304096004584503, -2.4463254661119382, -8.946367026947213, -4.252679747054373, -6.508251081662559, 6.161608955828612, 2.642909895432954, 9.82713484626283, -8.196387123137134, -9.958774444205908, 1.0917155760752717, -7.654320011327867, -8.51114375343457, 3.317387276328141, 2.635485382400841],[5.506593090841507, -9.242789590682186, 8.575235362822053, 1.9533485620569184, -9.073212439076627, 3.2429218832087603, 6.612149219095972, 1.6523583092199097, -7.039798435973941, -1.4574629800362633, 7.759384849347629, -1.8195149935485162, -9.26231996305515, 1.9389901637654638, -8.381809341957688, -0.7488963225792489],[9.270069169229888, -3.023025025578905, 2.9686090203587376, 0.6970298541942572, 5.741809314135001, -4.399662179086661, 7.045414239618417, 0.4053706343257666, -7.831046178123771, 9.731012945768803, 3.9762271268900147, 2.406471414584887, -3.721050566839212, -1.7758732385775033, -5.5311977545717035, 5.513050283190497],[8.469229722586462, -7.174216068487029, -5.179749713310904, 3.7975429361047315, 7.721214123495301, 9.457996446806135, 5.784077335751814, 1.399098808680126, -0.009175899303297541, -2.2834083487224044, -3.87459611694635, 4.469890096954197, -1.13382814519996, -5.3974574105407775, 6.009882402596254, -5.053460006240917],[-9.82240065188391, 5.475634188239978, 4.158220425603137, -9.399590315684154, 9.764777431614696, -8.787315327164205, 3.4576334704538993, 3.1837638916098037, 6.750114339101366, 3.395044236258107, 3.9439061944278198, 6.875307689191864, 3.4372411883675564, 6.421345429702605, 7.126177097200596, -1.3437495883686772],[-2.652115012867567, -5.961121728945475, 6.539140094542127, 3.168507427630953, 0.929963770759457, -2.921593459528715, 3.515870472920824, -6.0891587113437184, -3.5847157952990294, 8.748619841331443, -1.4870047674370177, -1.8241080525380777, 9.410111266662518, 4.586767429003498, -1.837972692198111, 4.839977729705767],[-3.822876527789112, 9.325271619568362, -2.3457947541782325, 0.646823245239931, 6.0467946506188, -6.0552371543018735, 8.218289250440932, -9.721015189225621, -4.021711249874908, -5.6117064296415915, 8.13904852946759, -4.364606751806754, -7.7555340802026755, 0.13960558103982557, 0.3653281767550318, -4.010339788237529],[-3.594858853977046, -8.113902154731075, -5.426106691289585, -4.2818976256971375, 4.160841628844054, -2.2203275293741793, -0.6040828455263476, 4.68307206994073, -9.322777467407924, -0.4947976901343374, -4.283664425342632, -5.866196721293213, -2.5167056055695554, 8.432469152114262, 6.801224822887487, 3.0849093764376754],[1.8303245372281562, 3.191557224194268, -2.192476654639581, 2.7936720856744373, 7.90632476186336, -8.782531656683997, -9.938549908831963, -9.433619997142808, 4.526850871751943, -7.686245544730879, -6.051000493070364, -9.968870440936206, 3.7535535214901756, 1.138441064729978, 8.343934398657375, 4.603824980525641],[-6.1815806608936, 8.075646423680244, 4.205716995028503, -2.0145505972604187, -5.173287806799063, 9.932337613775651, 5.311862628989523, -1.3341571363461409, -0.19435986822620777, -7.467825166934816, 0.046214334578319693, -4.014647192446326, -3.102246978207395, 5.708481737172688, 4.746691262547444, 2.526315321581645],[9.64014550042323, 0.3342104042413041, -8.676928765046227, 7.447039001131273, -5.334384818610194, -2.388118135199006, 9.26487700391139, -4.679335093525172, 4.523828446424805, 9.185402501233423, -1.0032240666135017, -6.740257259085729, -5.433171875621461, 2.9257397743888447, -9.210180113944995, -3.9752090984839956],[-1.6244310122109482, 8.43236921432052, 1.8061220467078538, 2.3881177515772283, -0.5849820545026834, -9.191002113188258, -5.3912019081988145, 9.333489870760353, 4.772843014356011, 5.087960338852927, -9.911732928817539, 5.232970737816968, 9.64990880444401, -4.840185454424011, -1.8193058350503826, -0.7227258541514043],[-6.071368337493277, 0.4020775306090041, 4.42264445799313, 0.8967796287503216, 9.096264088457406, 5.7095999427734885, -4.107630083171873, -5.913370803349432, 6.911828429671743, -3.5673622179662328, -8.210971227909312, 6.107972463566842, -5.488213385689393, 8.1351126446365, 8.489234598145977, 2.4836363453318313],[-2.2243508836604997, -9.453073071374781, 3.8795139195789297, -7.953666818006091, 9.726084807833498, -6.208664237834953, -8.656438521454303, -6.896211577622189, -4.234092539332743, 1.291887550259263, 7.555449949484235, 7.867636666698306, 8.823827855128293, -0.2908808194496153, -8.731994068526419, 6.084955114419618],[4.375414822201609, 7.168265183686401, 2.0635507144384206, 2.5886078771673766, 4.256724669833078, -0.618252602385267, 8.42837471104168, -9.557210094072047, -5.1194705708235455, 0.8032924762225306, 1.3154896971788688, 3.996135323015137, 8.388189740638701, 0.7639659013890849, 0.20441885999299636, -1.6463490443381374]];biases=[1.9297073635130282, -3.9363096898606393, 7.992115484529023, -0.12775876150995025, -3.6516702470043905, -9.42285160299723, -7.976981888740065, -5.042139395108743, -0.15386789738298035, 4.141292100002374, 3.708479945855423, 7.966672302432407, 5.978905442598922, -0.4072288407380569, -4.118161831129006, 5.180855987390753];activationFunc=ReLu}
layer2: Layer{weights=[[9.634878746892038, -3.855806608466872, -9.696091579705206, 9.370147794368282, -1.7295718130281674, -6.885888034601253, 2.241666148893046, 5.532682678097689, -0.46424775640727134, -0.5898239657007327, 6.461216170263597, -6.175080433541766, -8.984692944833503, -4.249632832142112, 2.0735299624092924, 5.581628542486845]];biases=[-8.738435268876918];activationFunc=Sigmoid}
]
}
NeuralNetwork{
Number_of_neurons: [5,16,16,1]
layers:
[layer0: Layer{weights=[[-2.6232686142076016, -3.9584141111051707, 3.4634304558720537, -7.836906681949499, 8.475700048370346],[9.657616966369872, -6.70252533300741, -6.016891843832135, -7.172661605590191, 4.91107570003315],[7.730987490454972, 6.055513025720803, -8.419507519133294, 6.062733745634265, -4.391099213388793],[1.0860697106429402, 4.992433309582875, 3.657651370316511, 0.9858445648683762, 6.581497956024851],[-0.8594064029040744, 6.339165842457973, 0.4070623119770218, -7.4965766999164485, -6.919890084397262],[-6.123418270185255E-4, -5.461988608336186, 8.216619983435216, -2.538508835806022, 0.7000299269318084],[4.492500220620318, 1.827536930436855, -5.083438496777335, 5.360650054449573, 3.7667866004406427],[7.084360488876616, 1.6170925560178553, 0.3521931642574927, 8.374703872806336, 2.6061660235903172],[4.537539799564138, 6.26448613499387, 4.274049110432234, 7.4401724784888685, -8.951220453644408],[-4.712875199020454, -7.33126627436768, -4.089126637389951, -1.4164092525811274, -3.4147792726043154],[5.939771234777439, 1.896139912254288, 6.296394148378564, 4.602264475526763, 0.20876298666468784],[-0.20193608880354041, 6.254647669336862, 5.398129354913845, -3.0293077008076814, -3.324386486319659],[-3.7821516475965637, 6.951854099846077, -6.144110109538008, -5.978740401113287, 5.9706678159978726],[0.6180695526009572, -6.0422960281404725, 3.6642183434745412, 3.9270782625552396, 3.5596246537129197],[-8.97979687402971, -5.0762014187749305, 4.816505080897937, 4.677650806294615, 2.778661628825631],[-8.934451604758387, -0.7496888127824448, -5.574252303564034, 2.8689717616092807, 9.572494684403377]];biases=[3.3194165812780803, -5.99790651309235, 3.5484000436248877, 1.1119373561234003, -5.623051814702338, -8.330796390241362, 6.47343651922105, -1.153580434426523, -7.468096193596267, -7.678161238228272, 5.04478555821324, 0.39122274965003534, 3.483410443035188, -9.608061681991009, 4.1896985318349085, 2.99541888062517];activationFunc=ReLu}
layer1: Layer{weights=[[-3.2145113635704163, 3.7330172321838777, 6.363649642923733, 2.758143681054383, 4.68638790966458, 7.238484566413817, 6.812491649158435, 8.420204694611925, 9.791040630768194, 7.984496667691509, -8.068109169660922, -5.790152757145703, 7.347752397564491, -5.801615575864345, 0.4066234870707408, 2.7971938398673437],[5.316288751650717, 4.304096004584503, -2.4463254661119382, -8.946367026947213, -4.252679747054373, -6.508251081662559, 6.161608955828612, 8.582393359665772, 9.82713484626283, -8.196387123137134, -9.958774444205908, 1.0917155760752717, -7.654320011327867, -8.51114375343457, 3.317387276328141, 2.635485382400841],[5.506593090841507, -9.242789590682186, -2.7575872680118163, 1.9533485620569184, -9.073212439076627, 3.2429218832087603, 6.612149219095972, 1.6523583092199097, -7.039798435973941, -1.4574629800362633, 7.759384849347629, -1.8195149935485162, -9.26231996305515, 1.9389901637654638, -8.381809341957688, -0.7488963225792489],[-9.229346114516527, -7.4087152179747, 2.9686090203587376, -2.3326102767426065, 5.741809314135001, -4.399662179086661, 7.045414239618417, -9.135289163716285, -7.831046178123771, -3.025597725366551, 3.9762271268900147, 2.406471414584887, -3.721050566839212, -1.7758732385775033, -5.5311977545717035, 5.513050283190497],[8.469229722586462, -7.174216068487029, -5.179749713310904, 0.43286821870051106, 7.721214123495301, 9.457996446806135, 5.784077335751814, 1.399098808680126, -0.009175899303297541, -2.2834083487224044, 9.2270784084, 4.469890096954197, -1.13382814519996, -5.3974574105407775, 6.009882402596254, -5.053460006240917],[-9.82240065188391, 5.475634188239978, 4.158220425603137, -9.399590315684154, 9.764777431614696, -3.687058328085109, 3.4576334704538993, 3.1837638916098037, 6.750114339101366, 3.395044236258107, 3.9439061944278198, 4.477102164531823, 3.4372411883675564, 6.421345429702605, 7.126177097200596, -1.3437495883686772],[-2.652115012867567, 6.565322075182348, 6.539140094542127, 3.168507427630953, 0.929963770759457, -2.921593459528715, 3.515870472920824, -6.0891587113437184, 0.11427250922962706, -4.7865679946616035, -1.4870047674370177, -6.3472231134135075, -5.833340800337861, 4.586767429003498, 1.8581633177748174, 4.839977729705767],[-3.822876527789112, 9.325271619568362, 8.06206589226867, 0.646823245239931, 6.0467946506188, -6.0552371543018735, 8.218289250440932, -9.721015189225621, -4.021711249874908, -5.6117064296415915, 8.13904852946759, 5.617229751194127, -7.7555340802026755, 0.13960558103982557, 0.3653281767550318, -4.010339788237529],[-3.594858853977046, -8.113902154731075, -5.426106691289585, -4.2818976256971375, 4.160841628844054, -4.067083403623584, -0.6040828455263476, 4.68307206994073, -9.322777467407924, -0.4947976901343374, -4.283664425342632, 0.17924735544893267, -2.5167056055695554, 8.432469152114262, 6.801224822887487, 3.0849093764376754],[0.4443963077185735, -7.559050449108429, -2.192476654639581, 2.795960822931196, 7.90632476186336, -8.782531656683997, 9.062179601618144, -9.433619997142808, 4.526850871751943, -7.686245544730879, -6.051000493070364, -9.968870440936206, -4.3126159148403165, 1.138441064729978, 8.343934398657375, 4.603824980525641],[-6.1815806608936, 8.075646423680244, 4.205716995028503, -2.0145505972604187, -5.173287806799063, 9.932337613775651, 5.311862628989523, -6.6435860704906835, -0.19435986822620777, -7.467825166934816, 0.046214334578319693, -4.014647192446326, -3.102246978207395, 5.708481737172688, 4.746691262547444, 2.526315321581645],[9.64014550042323, 0.3342104042413041, -8.676928765046227, 7.447039001131273, -5.334384818610194, -2.388118135199006, 9.26487700391139, -4.679335093525172, 4.523828446424805, 9.185402501233423, -1.0032240666135017, -6.740257259085729, -5.433171875621461, 2.9257397743888447, -9.210180113944995, -3.9752090984839956],[-1.6244310122109482, 8.43236921432052, 1.8061220467078538, -3.3219701328704083, 5.793199366910958, -9.191002113188258, -5.3912019081988145, 5.011108968019133, 4.772843014356011, 5.087960338852927, -9.911732928817539, 5.232970737816968, 9.64990880444401, -4.840185454424011, -1.8193058350503826, -0.7227258541514043],[-6.071368337493277, 0.4020775306090041, 4.42264445799313, 0.8967796287503216, 9.096264088457406, 5.7095999427734885, 0.30105999588517207, -5.913370803349432, 6.911828429671743, -3.5673622179662328, -8.210971227909312, 6.107972463566842, -5.488213385689393, 8.1351126446365, 8.489234598145977, 2.4836363453318313],[-2.2243508836604997, -9.453073071374781, 3.8795139195789297, -7.953666818006091, 9.726084807833498, -6.208664237834953, -8.656438521454303, -6.896211577622189, -4.234092539332743, 1.291887550259263, -5.49982856923971, 7.867636666698306, 8.823827855128293, -0.2908808194496153, -8.731994068526419, 6.084955114419618],[4.375414822201609, 7.168265183686401, 2.0635507144384206, 2.5886078771673766, 4.256724669833078, -5.263729983973169, 8.42837471104168, -9.557210094072047, -5.1194705708235455, 0.8032924762225306, 1.3154896971788688, 3.996135323015137, -0.9222202925097971, -0.31009009702151324, 3.7751356282003368, -1.6463490443381374]];biases=[1.9297073635130282, -3.9363096898606393, 7.992115484529023, -8.192033797568627, -9.291897094396276, -9.42285160299723, -7.976981888740065, -5.042139395108743, 3.1371789854911842, -2.868394042919105, 3.708479945855423, 7.966672302432407, 5.978905442598922, 6.824845949940329, -4.118161831129006, 5.180855987390753];activationFunc=ReLu}
layer2: Layer{weights=[[9.634878746892038, -3.855806608466872, -9.696091579705206, 9.370147794368282, -1.7295718130281674, -6.885888034601253, 2.241666148893046, 5.532682678097689, -0.46424775640727134, -0.5898239657007327, 6.461216170263597, -6.175080433541766, 8.287302342839926, -4.249632832142112, 2.0735299624092924, 5.581628542486845]];biases=[-8.738435268876918];activationFunc=Sigmoid}
]
}
NeuralNetwork{
Number_of_neurons: [5,16,16,1]
layers:
[layer0: Layer{weights=[[-2.6232686142076016, -3.9584141111051707, 8.616623019933115, 5.893316375238367, 8.475700048370346],[-5.838012994320582, -6.70252533300741, -6.016891843832135, -7.172661605590191, 4.91107570003315],[7.730987490454972, -6.777327770559709, 3.7444449248960012, 6.062733745634265, 8.507118097463227],[1.0860697106429402, 4.992433309582875, -6.398918556705773, 0.9858445648683762, 6.581497956024851],[-0.8594064029040744, 6.339165842457973, 0.4070623119770218, -2.1627097486926345, -6.919890084397262],[-6.123418270185255E-4, -5.461988608336186, 8.216619983435216, -2.538508835806022, 0.7000299269318084],[4.492500220620318, 1.827536930436855, -5.083438496777335, 5.360650054449573, 3.7667866004406427],[-4.132433636823, 1.6170925560178553, 0.3521931642574927, 8.374703872806336, 2.6061660235903172],[-3.6164924364480067, -7.4706728865565974, 2.194169463576369, 7.4401724784888685, -8.951220453644408],[-4.712875199020454, -7.33126627436768, -4.089126637389951, -1.4164092525811274, -1.2261897890715652],[5.939771234777439, 1.896139912254288, 6.296394148378564, 4.602264475526763, 0.20876298666468784],[-0.20193608880354041, 6.254647669336862, 5.398129354913845, -3.0293077008076814, -3.324386486319659],[-3.7821516475965637, -1.4626032534246942, -6.144110109538008, -5.978740401113287, 5.9706678159978726],[0.6180695526009572, -6.0422960281404725, 4.954747150738859, 3.9270782625552396, 3.5596246537129197],[-6.14863818996999, -5.0762014187749305, 4.816505080897937, 7.394139142278256, 2.778661628825631],[-8.934451604758387, -0.7496888127824448, -5.574252303564034, 2.8689717616092807, 9.572494684403377]];biases=[-8.34861040231927, 0.8405257398905661, 3.5484000436248877, 1.1119373561234003, -5.623051814702338, -8.330796390241362, 8.862404661751128, -1.153580434426523, -7.468096193596267, -7.678161238228272, 5.04478555821324, 0.39122274965003534, 3.483410443035188, -9.608061681991009, 4.1896985318349085, 2.99541888062517];activationFunc=ReLu}
layer1: Layer{weights=[[-3.2145113635704163, 6.296132972454853, 6.363649642923733, 2.758143681054383, 4.68638790966458, 6.245654429407516, 6.812491649158435, 8.420204694611925, 9.791040630768194, 7.984496667691509, -8.068109169660922, -5.790152757145703, 7.347752397564491, -5.801615575864345, 0.4066234870707408, 2.7971938398673437],[5.316288751650717, 4.304096004584503, -2.4463254661119382, -8.946367026947213, -4.252679747054373, -6.508251081662559, 6.161608955828612, 8.582393359665772, 9.82713484626283, -8.196387123137134, -9.958774444205908, 1.0917155760752717, -7.654320011327867, -8.51114375343457, 3.317387276328141, 2.635485382400841],[5.506593090841507, -9.242789590682186, 8.575235362822053, 1.9533485620569184, -9.073212439076627, 3.2429218832087603, 6.612149219095972, 1.6523583092199097, -7.039798435973941, -1.4574629800362633, 3.422335357322833, -1.8195149935485162, -9.26231996305515, 1.9389901637654638, -8.381809341957688, -0.7488963225792489],[9.270069169229888, -7.4087152179747, 2.9686090203587376, -2.3326102767426065, 5.741809314135001, -4.399662179086661, 7.045414239618417, 0.4053706343257666, -7.831046178123771, -3.025597725366551, 3.9762271268900147, 2.406471414584887, -3.721050566839212, -1.7758732385775033, -5.5311977545717035, 5.513050283190497],[8.469229722586462, -7.174216068487029, -5.179749713310904, 3.7975429361047315, 7.721214123495301, 9.457996446806135, 5.784077335751814, 1.399098808680126, -0.009175899303297541, -2.2834083487224044, 9.2270784084, -9.06453834591761, -1.13382814519996, -5.3974574105407775, 6.009882402596254, -5.053460006240917],[-9.82240065188391, 5.475634188239978, 4.158220425603137, -9.399590315684154, 9.764777431614696, 5.3921807238686945, 3.4576334704538993, 3.1837638916098037, 6.750114339101366, 3.395044236258107, 3.9439061944278198, 4.477102164531823, 3.4372411883675564, 6.421345429702605, 7.126177097200596, -1.3437495883686772],[-2.652115012867567, 6.565322075182348, 8.968712024035966, 3.168507427630953, 0.929963770759457, -2.921593459528715, 3.515870472920824, -6.0891587113437184, 0.11427250922962706, 6.115571578811533, -1.4870047674370177, -1.8241080525380777, -5.833340800337861, 4.586767429003498, -1.837972692198111, 4.839977729705767],[-3.822876527789112, 9.325271619568362, 9.212694653197588, 0.646823245239931, 6.0467946506188, -6.0552371543018735, 8.218289250440932, -9.721015189225621, 5.178866348190034, -5.6117064296415915, 8.13904852946759, -4.364606751806754, -7.7555340802026755, 0.13960558103982557, 0.3653281767550318, -4.010339788237529],[-3.594858853977046, -8.113902154731075, -8.079449921423475, -4.2818976256971375, 4.160841628844054, -2.2203275293741793, -0.6040828455263476, 4.68307206994073, -9.322777467407924, -0.4947976901343374, -4.283664425342632, -5.866196721293213, -2.5167056055695554, 8.432469152114262, 6.801224822887487, 3.0849093764376754],[0.4443963077185735, -7.559050449108429, -2.192476654639581, 2.7936720856744373, 7.90632476186336, -8.782531656683997, -9.938549908831963, -9.433619997142808, 4.526850871751943, -7.686245544730879, -6.051000493070364, -9.968870440936206, 3.7535535214901756, 1.138441064729978, 8.343934398657375, 4.603824980525641],[-6.1815806608936, 8.075646423680244, 4.205716995028503, -2.0145505972604187, -9.85202577104053, 9.932337613775651, 5.311862628989523, -6.6435860704906835, -0.19435986822620777, -7.467825166934816, 0.046214334578319693, -4.014647192446326, -3.102246978207395, 5.708481737172688, 4.746691262547444, 2.526315321581645],[9.64014550042323, -3.0250522452164734, -8.676928765046227, 7.447039001131273, -5.334384818610194, 9.177630812681695, 9.26487700391139, -4.679335093525172, 4.523828446424805, 9.185402501233423, -1.0032240666135017, -6.740257259085729, -5.433171875621461, 2.9257397743888447, -9.794807980651413, -3.9752090984839956],[-1.6244310122109482, 8.43236921432052, 1.8061220467078538, 2.3881177515772283, -0.5849820545026834, -9.191002113188258, -5.3912019081988145, 9.333489870760353, 4.772843014356011, 5.087960338852927, -9.911732928817539, 5.232970737816968, 9.64990880444401, -4.840185454424011, -1.8193058350503826, 3.7314932972916477],[-6.071368337493277, 0.4020775306090041, 4.42264445799313, 0.8967796287503216, 9.096264088457406, -5.67850723299951, -4.107630083171873, -5.913370803349432, 6.911828429671743, -3.5673622179662328, -8.210971227909312, 6.107972463566842, -5.488213385689393, 8.1351126446365, 8.489234598145977, 2.4836363453318313],[-2.2243508836604997, -9.453073071374781, 3.8795139195789297, -7.953666818006091, 9.726084807833498, -6.208664237834953, -8.656438521454303, -6.896211577622189, -4.234092539332743, -4.79693874979006, -5.49982856923971, 7.867636666698306, 7.879012371494163, -0.2908808194496153, -8.731994068526419, 6.084955114419618],[4.375414822201609, 7.168265183686401, 2.0635507144384206, -1.7302594611776794, 4.256724669833078, -0.618252602385267, 8.42837471104168, -9.557210094072047, -5.1194705708235455, 0.8032924762225306, 1.3154896971788688, -4.8774252946079795, -0.9222202925097971, 0.7639659013890849, 3.7751356282003368, -1.6463490443381374]];biases=[1.9297073635130282, -3.9363096898606393, 7.992115484529023, -8.192033797568627, -9.291897094396276, -9.42285160299723, -7.976981888740065, -5.042139395108743, 3.1371789854911842, -2.868394042919105, 3.708479945855423, -5.72330042738008, 5.978905442598922, 6.824845949940329, -4.118161831129006, 5.180855987390753];activationFunc=ReLu}
layer2: Layer{weights=[[9.634878746892038, -3.855806608466872, -9.696091579705206, 9.370147794368282, 0.49041255869723344, -6.885888034601253, 2.241666148893046, 5.532682678097689, -0.46424775640727134, -0.5898239657007327, 6.461216170263597, -6.175080433541766, 8.287302342839926, -4.249632832142112, 2.0735299624092924, 5.581628542486845]];biases=[-8.738435268876918];activationFunc=Sigmoid}
]
}
NeuralNetwork{
Number_of_neurons: [5,16,16,1]
layers:
[layer0: Layer{weights=[[-2.6232686142076016, -3.9584141111051707, 8.616623019933115, -7.836906681949499, 8.475700048370346],[9.657616966369872, -6.70252533300741, -6.016891843832135, -7.172661605590191, 4.91107570003315],[7.730987490454972, -6.777327770559709, 3.7444449248960012, 6.062733745634265, -4.391099213388793],[-7.171574025540761, 4.992433309582875, 3.64140179638229, 0.9858445648683762, 6.581497956024851],[-0.8594064029040744, 6.339165842457973, 0.4070623119770218, -2.1627097486926345, -6.919890084397262],[-6.123418270185255E-4, -5.461988608336186, 8.216619983435216, -2.538508835806022, 0.7000299269318084],[4.492500220620318, 1.827536930436855, -5.083438496777335, -2.742041521276459, -5.1504702043668775],[1.114981571081298, 4.54749704575168, 0.3521931642574927, 8.374703872806336, 2.6061660235903172],[-4.477479322604467, 6.26448613499387, 2.194169463576369, 7.4401724784888685, -8.951220453644408],[-4.712875199020454, -7.33126627436768, -4.089126637389951, -1.4164092525811274, -3.4147792726043154],[5.939771234777439, 1.896139912254288, 6.296394148378564, 4.602264475526763, 0.20876298666468784],[-0.20193608880354041, 6.254647669336862, 5.398129354913845, -3.0293077008076814, -3.324386486319659],[-3.7821516475965637, -1.4626032534246942, -6.144110109538008, -5.978740401113287, 5.9706678159978726],[0.6180695526009572, -6.0422960281404725, 3.6642183434745412, 3.9270782625552396, 3.5596246537129197],[-8.97979687402971, -5.0762014187749305, 4.816505080897937, 7.394139142278256, 2.778661628825631],[-8.934451604758387, -0.7496888127824448, -5.574252303564034, 2.8689717616092807, 9.572494684403377]];biases=[3.3194165812780803, -5.99790651309235, 3.5484000436248877, 1.1119373561234003, -5.623051814702338, -8.330796390241362, 8.862404661751128, -1.153580434426523, 4.307068814973135, -7.678161238228272, 5.04478555821324, 0.39122274965003534, 3.483410443035188, -9.608061681991009, 4.1896985318349085, 2.99541888062517];activationFunc=ReLu}
layer1: Layer{weights=[[-3.2145113635704163, 6.296132972454853, 6.363649642923733, 2.758143681054383, 4.68638790966458, 6.245654429407516, 6.812491649158435, 8.420204694611925, 7.1773412267142795, 7.984496667691509, -8.068109169660922, 9.60131793008724, 7.347752397564491, -5.801615575864345, 0.4066234870707408, -1.7131114305614954],[5.316288751650717, 4.304096004584503, -2.4463254661119382, -8.946367026947213, -4.252679747054373, -6.508251081662559, 6.161608955828612, 1.1049424506105687, 9.82713484626283, -8.196387123137134, -9.958774444205908, 1.0917155760752717, 1.2269469766385566, -8.51114375343457, 3.317387276328141, 2.635485382400841],[5.506593090841507, -9.242789590682186, 8.575235362822053, 1.9533485620569184, -9.073212439076627, -4.894655128573529, 6.612149219095972, 1.6523583092199097, -7.039798435973941, -1.4574629800362633, 7.759384849347629, -1.8195149935485162, 3.6366545250369064, 1.9389901637654638, -8.381809341957688, -0.7488963225792489],[9.270069169229888, -7.4087152179747, 2.9686090203587376, -2.3326102767426065, 5.741809314135001, -4.399662179086661, -1.3668079619527163, 0.4053706343257666, -7.831046178123771, -3.025597725366551, -8.478081696662391, 2.406471414584887, -7.458457061931121, -1.7758732385775033, -5.5311977545717035, 5.513050283190497],[8.469229722586462, -7.174216068487029, -5.179749713310904, 3.7975429361047315, 7.721214123495301, 9.457996446806135, -3.2210276245537406, 1.399098808680126, -0.009175899303297541, -2.2834083487224044, 9.2270784084, 4.469890096954197, -1.13382814519996, -5.3974574105407775, 6.009882402596254, -5.053460006240917],[-9.82240065188391, 5.475634188239978, 4.158220425603137, -9.399590315684154, 9.764777431614696, -3.807345041489172, 3.4576334704538993, -5.271052627794699, -0.8810449969017338, 3.395044236258107, 3.9439061944278198, 4.477102164531823, 3.4372411883675564, 6.421345429702605, 7.126177097200596, -0.896236046797803],[-2.652115012867567, 6.565322075182348, 6.539140094542127, 3.168507427630953, 0.929963770759457, -2.921593459528715, 3.515870472920824, 8.74988109124757, 0.11427250922962706, 6.115571578811533, -1.4870047674370177, 8.650783749376593, -5.833340800337861, 4.586767429003498, -1.837972692198111, 4.839977729705767],[-3.822876527789112, 9.325271619568362, 8.06206589226867, 0.646823245239931, 6.0467946506188, -6.0552371543018735, 8.218289250440932, -9.721015189225621, -4.021711249874908, -5.6117064296415915, 8.13904852946759, -4.364606751806754, -7.7555340802026755, 0.13960558103982557, -6.867258297187739, -4.010339788237529],[-5.243301149959072, -8.113902154731075, -5.426106691289585, 1.2568214378280977, -0.14374101493499936, -2.2203275293741793, -0.6040828455263476, 4.68307206994073, -9.322777467407924, -0.4947976901343374, -9.249702755896214, -5.866196721293213, -2.5167056055695554, 8.432469152114262, 6.801224822887487, 3.0849093764376754],[0.4443963077185735, -8.267875625680738, -2.192476654639581, 2.7936720856744373, -3.5749959343729953, -8.782531656683997, -9.938549908831963, -9.433619997142808, 4.526850871751943, -8.146066856611334, -6.051000493070364, -9.968870440936206, 3.7535535214901756, 1.138441064729978, -9.72145184373419, 4.603824980525641],[-6.1815806608936, 8.075646423680244, 4.205716995028503, -6.699724618547613, -5.173287806799063, 9.932337613775651, 5.311862628989523, -6.6435860704906835, -0.19435986822620777, -7.467825166934816, 0.046214334578319693, -4.014647192446326, -3.102246978207395, 5.708481737172688, 4.746691262547444, 5.061275732917828],[9.64014550042323, 0.3342104042413041, -8.676928765046227, 7.447039001131273, -5.334384818610194, 8.897001183886747, 9.26487700391139, -4.679335093525172, 4.523828446424805, 9.185402501233423, -1.0032240666135017, -6.740257259085729, -5.433171875621461, 2.9257397743888447, -9.210180113944995, -3.9752090984839956],[-1.6244310122109482, 8.43236921432052, 1.8061220467078538, 2.3881177515772283, -0.5849820545026834, -9.191002113188258, -5.3912019081988145, 9.333489870760353, 4.772843014356011, 5.087960338852927, -9.911732928817539, 5.977942742003497, 9.64990880444401, -4.840185454424011, -1.8193058350503826, -0.7227258541514043],[-6.071368337493277, 0.4020775306090041, 4.42264445799313, -1.0829383007295128, 9.096264088457406, 5.7095999427734885, -4.107630083171873, -5.913370803349432, 6.911828429671743, -3.5673622179662328, -8.210971227909312, 6.107972463566842, -5.488213385689393, 8.1351126446365, 8.489234598145977, 2.4836363453318313],[-2.2243508836604997, -9.453073071374781, 3.8795139195789297, -7.953666818006091, 9.726084807833498, -6.208664237834953, -8.656438521454303, 8.892669717757286, -4.234092539332743, 1.291887550259263, -5.49982856923971, 7.867636666698306, 8.823827855128293, -0.2908808194496153, -8.731994068526419, 6.084955114419618],[4.375414822201609, 7.168265183686401, 2.0635507144384206, 2.5886078771673766, 4.256724669833078, 2.808659079060213, 8.42837471104168, -9.557210094072047, -5.1194705708235455, 2.9650289395871727, -6.449979211287737, 3.996135323015137, -0.9222202925097971, 0.7639659013890849, -9.759175778569418, -1.6463490443381374]];biases=[1.9297073635130282, -3.9363096898606393, 7.992115484529023, -8.192033797568627, -9.291897094396276, -9.42285160299723, -7.976981888740065, -5.042139395108743, 3.1371789854911842, -2.868394042919105, 3.708479945855423, 7.966672302432407, 5.978905442598922, 6.824845949940329, -4.118161831129006, 5.180855987390753];activationFunc=ReLu}
layer2: Layer{weights=[[9.634878746892038, -3.855806608466872, -9.696091579705206, 9.370147794368282, -1.7295718130281674, -6.885888034601253, 2.241666148893046, 5.532682678097689, 1.884557438202199, -0.5898239657007327, 6.461216170263597, -6.175080433541766, 8.287302342839926, -4.249632832142112, 2.0735299624092924, 5.581628542486845]];biases=[-8.738435268876918];activationFunc=Sigmoid}
]
}
NeuralNetwork{
Number_of_neurons: [5,16,16,1]
layers:
[layer0: Layer{weights=[[-2.6232686142076016, -3.9584141111051707, 8.616623019933115, -7.836906681949499, 8.475700048370346],[9.657616966369872, -6.70252533300741, -6.016891843832135, -7.172661605590191, 4.91107570003315],[8.704168319290154, -6.777327770559709, 8.35499981406641, 6.062733745634265, -4.391099213388793],[1.0860697106429402, 4.992433309582875, 3.64140179638229, 0.9858445648683762, 5.316008219192803],[-0.8594064029040744, 6.339165842457973, -8.133201577423135, -2.1627097486926345, 8.678158538565135],[-6.123418270185255E-4, -1.8872895852956173, 8.216619983435216, -2.538508835806022, 0.7000299269318084],[4.492500220620318, 1.827536930436855, -5.083438496777335, 5.360650054449573, 3.7667866004406427],[-4.132433636823, 1.6170925560178553, 0.3521931642574927, 8.374703872806336, 2.6061660235903172],[-3.6164924364480067, 6.26448613499387, 2.194169463576369, 7.4401724784888685, -8.951220453644408],[-4.712875199020454, -7.33126627436768, 3.4566839024555396, -1.4164092525811274, -3.4147792726043154],[5.939771234777439, 1.896139912254288, 6.296394148378564, 4.602264475526763, 0.20876298666468784],[-0.20193608880354041, 6.254647669336862, 5.398129354913845, -3.0293077008076814, -3.324386486319659],[-3.7821516475965637, -0.7618556269391963, -6.144110109538008, -5.978740401113287, 5.9706678159978726],[0.6180695526009572, -6.0422960281404725, 3.6642183434745412, 3.9270782625552396, 3.5596246537129197],[-8.162088439332829, -5.0762014187749305, 4.816505080897937, 7.394139142278256, 2.778661628825631],[-8.934451604758387, -0.7496888127824448, -5.574252303564034, 2.8689717616092807, 9.572494684403377]];biases=[1.886332631979414, -5.99790651309235, 3.5484000436248877, 1.1119373561234003, 7.682300215455925, 6.437371765479437, 8.862404661751128, -1.153580434426523, -7.468096193596267, -7.678161238228272, 5.04478555821324, 0.39122274965003534, 3.483410443035188, -8.215762557865535, 4.1896985318349085, 2.99541888062517];activationFunc=ReLu}
layer1: Layer{weights=[[-3.2145113635704163, 6.296132972454853, 6.502621534089229, -3.2759645331450375, 4.68638790966458, 6.245654429407516, 6.812491649158435, 8.420204694611925, 9.791040630768194, 7.984496667691509, -8.068109169660922, -5.790152757145703, 7.347752397564491, -5.801615575864345, 9.370350621370417, 2.7971938398673437],[5.316288751650717, 3.6835304316400457, -2.4463254661119382, -8.946367026947213, -4.252679747054373, -7.636880808053499, 6.161608955828612, 8.582393359665772, 9.82713484626283, -8.196387123137134, -9.958774444205908, 1.0917155760752717, 3.4295022950208818, -8.51114375343457, 3.317387276328141, 2.635485382400841],[5.506593090841507, -9.242789590682186, 8.575235362822053, 1.9533485620569184, -9.073212439076627, 3.2429218832087603, 6.612149219095972, 1.6523583092199097, -7.039798435973941, -1.4574629800362633, 7.759384849347629, -1.8195149935485162, -9.26231996305515, 1.9389901637654638, -8.381809341957688, -0.7488963225792489],[9.270069169229888, -0.09905030841489904, 2.9686090203587376, -2.3326102767426065, 5.741809314135001, -4.399662179086661, 7.045414239618417, 0.4053706343257666, -7.831046178123771, -3.025597725366551, -3.014837618216351, -2.726482109324982, -3.721050566839212, -1.7758732385775033, -5.5311977545717035, 5.513050283190497],[8.469229722586462, -1.2828904018515317, -5.179749713310904, 3.7975429361047315, -2.299635716262234, 9.457996446806135, -1.0931987056738208, 1.399098808680126, -0.009175899303297541, -2.2834083487224044, 9.2270784084, 4.469890096954197, -1.13382814519996, -5.3974574105407775, 6.009882402596254, -5.053460006240917],[-9.82240065188391, 5.475634188239978, 4.158220425603137, -9.399590315684154, 9.764777431614696, -3.687058328085109, 3.4576334704538993, 3.1837638916098037, 5.570663991286761, 3.395044236258107, 3.9439061944278198, 4.477102164531823, 3.4372411883675564, 0.9987071342408012, 7.126177097200596, -1.3437495883686772],[2.376303190700673, 6.565322075182348, -1.815992427784476, 3.168507427630953, 0.929963770759457, -2.6851426245391785, 3.515870472920824, -6.0891587113437184, 0.11427250922962706, 6.115571578811533, -1.4870047674370177, -1.8241080525380777, -5.833340800337861, 4.586767429003498, -1.837972692198111, 4.839977729705767],[-3.822876527789112, 9.325271619568362, 3.7613760271314494, 0.646823245239931, 6.0467946506188, -6.0552371543018735, 8.218289250440932, 6.9515844385842165, -4.021711249874908, -5.6117064296415915, 8.13904852946759, -4.364606751806754, -2.2904595163517065, 0.13960558103982557, 0.3653281767550318, -4.010339788237529],[-3.594858853977046, -8.113902154731075, -5.426106691289585, -4.2818976256971375, 4.160841628844054, -2.2203275293741793, -0.6040828455263476, 4.68307206994073, -9.322777467407924, -0.4947976901343374, -4.283664425342632, -5.866196721293213, -2.5167056055695554, 8.432469152114262, 6.801224822887487, 3.0849093764376754],[0.4443963077185735, -7.559050449108429, -2.192476654639581, 2.7936720856744373, 7.90632476186336, -8.782531656683997, -9.938549908831963, -9.433619997142808, 4.526850871751943, -7.686245544730879, -6.051000493070364, -9.968870440936206, 3.7535535214901756, 1.138441064729978, 8.343934398657375, 4.603824980525641],[-7.420290769998605, 8.075646423680244, 4.205716995028503, -2.0145505972604187, -5.173287806799063, -4.394562776538118, 5.311862628989523, -6.6435860704906835, -0.19435986822620777, -7.467825166934816, 0.046214334578319693, -2.6721848857973125, -3.102246978207395, 5.708481737172688, 4.746691262547444, 2.526315321581645],[9.64014550042323, 0.3342104042413041, 7.826062081099881, 7.447039001131273, -5.334384818610194, -2.388118135199006, 9.26487700391139, -4.679335093525172, 4.523828446424805, 9.185402501233423, 3.273066725728759, -4.381262772294208, -5.433171875621461, 2.9257397743888447, -9.210180113944995, -3.9752090984839956],[-1.6244310122109482, 8.43236921432052, 1.8061220467078538, 2.3881177515772283, -3.857845836137244, -9.191002113188258, -5.3912019081988145, 9.333489870760353, 4.772843014356011, 5.087960338852927, -9.911732928817539, 5.232970737816968, 9.64990880444401, -4.840185454424011, -1.8193058350503826, -0.7227258541514043],[-6.071368337493277, 0.4020775306090041, 4.42264445799313, 0.8967796287503216, 2.7182005794282915, 5.7095999427734885, -4.107630083171873, -5.913370803349432, 6.911828429671743, -3.5673622179662328, -8.210971227909312, 6.107972463566842, -6.730309350305741, 8.1351126446365, 8.489234598145977, 2.4836363453318313],[-2.2243508836604997, -5.906148194799208, 3.8795139195789297, -7.953666818006091, 9.726084807833498, -6.208664237834953, -8.656438521454303, -6.896211577622189, -5.341585669757882, 1.291887550259263, -5.49982856923971, 7.867636666698306, 8.823827855128293, -0.2908808194496153, -8.731994068526419, 6.084955114419618],[4.375414822201609, 7.168265183686401, 2.0635507144384206, 2.5886078771673766, 4.256724669833078, -0.618252602385267, 8.42837471104168, -9.557210094072047, -5.1194705708235455, 0.8032924762225306, 1.3154896971788688, 7.059729597236746, -0.9222202925097971, 0.7639659013890849, 3.7751356282003368, -1.6463490443381374]];biases=[1.9297073635130282, -3.9363096898606393, 7.992115484529023, -7.3065843746720045, -9.291897094396276, -9.42285160299723, 1.8574099329226001, -5.042139395108743, 3.1371789854911842, -2.868394042919105, 3.708479945855423, 7.966672302432407, 5.978905442598922, 6.824845949940329, 0.9924349321073951, 5.180855987390753];activationFunc=ReLu}
layer2: Layer{weights=[[9.634878746892038, -3.855806608466872, -9.696091579705206, 8.637544291641547, -1.7295718130281674, -6.885888034601253, 2.241666148893046, 5.532682678097689, -0.46424775640727134, -0.5898239657007327, 6.461216170263597, -6.175080433541766, 8.287302342839926, -4.249632832142112, 2.0735299624092924, 5.581628542486845]];biases=[-8.738435268876918];activationFunc=Sigmoid}
]
}
NeuralNetwork{
Number_of_neurons: [5,16,16,1]
layers:
[layer0: Layer{weights=[[-2.6232686142076016, 7.363645294036576, 8.616623019933115, -7.836906681949499, 8.475700048370346],[9.657616966369872, -6.70252533300741, -6.016891843832135, -7.172661605590191, 4.91107570003315],[7.730987490454972, -6.777327770559709, 3.7444449248960012, 6.062733745634265, -4.391099213388793],[1.0860697106429402, 4.992433309582875, 3.64140179638229, 0.9858445648683762, 6.581497956024851],[-0.8594064029040744, 6.339165842457973, 0.4070623119770218, -2.1627097486926345, -6.919890084397262],[-6.123418270185255E-4, -5.461988608336186, -7.653807099202901, -5.601297490366104, 0.7000299269318084],[0.37183968313434335, 1.827536930436855, -5.083438496777335, 5.360650054449573, 3.7667866004406427],[-4.132433636823, 1.6170925560178553, 0.3521931642574927, 8.374703872806336, 2.6061660235903172],[-3.6164924364480067, 6.26448613499387, 2.194169463576369, 7.4401724784888685, -8.951220453644408],[-4.712875199020454, -7.33126627436768, -0.7487510787449807, -1.4164092525811274, -3.4147792726043154],[-6.27771179611365, 1.896139912254288, 6.296394148378564, 4.602264475526763, 0.20876298666468784],[-0.20193608880354041, 5.7867784343715805, 3.146916798087231, -3.0293077008076814, -3.324386486319659],[-3.7821516475965637, -1.4626032534246942, -6.144110109538008, -5.978740401113287, 5.9706678159978726],[0.6180695526009572, -6.0422960281404725, -9.399097737225343, 3.9270782625552396, 3.5596246537129197],[-8.97979687402971, -5.0762014187749305, 4.816505080897937, 7.394139142278256, 2.778661628825631],[-8.934451604758387, -0.7496888127824448, -5.574252303564034, 2.8689717616092807, 9.572494684403377]];biases=[3.3194165812780803, -5.99790651309235, 3.5484000436248877, -9.701742139136169, -9.230691174921756, -8.330796390241362, 8.862404661751128, -1.153580434426523, -7.468096193596267, -7.678161238228272, 5.04478555821324, 0.39122274965003534, 3.483410443035188, -9.608061681991009, 4.66087363743056, 2.99541888062517];activationFunc=ReLu}
layer1: Layer{weights=[[-3.2145113635704163, 6.296132972454853, 6.363649642923733, 2.758143681054383, 4.68638790966458, 6.245654429407516, 6.812491649158435, 8.420204694611925, 9.791040630768194, 7.984496667691509, -8.068109169660922, -5.790152757145703, 7.347752397564491, -5.801615575864345, 0.4066234870707408, 2.7971938398673437],[5.316288751650717, 4.304096004584503, -2.4463254661119382, -8.946367026947213, -4.252679747054373, -6.508251081662559, 6.161608955828612, 8.582393359665772, 9.82713484626283, 5.197335556928376, -9.958774444205908, 7.072504991824168, -7.654320011327867, -8.51114375343457, 3.317387276328141, 2.635485382400841],[5.506593090841507, -9.242789590682186, 8.575235362822053, 1.9533485620569184, -9.073212439076627, 3.2429218832087603, 6.612149219095972, 1.6523583092199097, -4.1553562000415685, -1.4574629800362633, 7.759384849347629, -1.8195149935485162, -9.26231996305515, 1.9389901637654638, 8.030185510772341, -0.7488963225792489],[9.270069169229888, -7.4087152179747, 2.9686090203587376, -2.3326102767426065, 5.741809314135001, -6.7445204603938365, 4.1776151581985985, 0.4053706343257666, -7.831046178123771, -6.000652418325226, 3.9762271268900147, 2.406471414584887, -3.721050566839212, -1.7758732385775033, -5.5311977545717035, 5.513050283190497],[8.469229722586462, -7.174216068487029, -5.179749713310904, 3.7975429361047315, 7.721214123495301, 9.457996446806135, 5.784077335751814, 7.530958718549588, -0.009175899303297541, -2.2834083487224044, 9.2270784084, 4.469890096954197, -1.13382814519996, -5.3974574105407775, 6.009882402596254, -5.053460006240917],[-9.82240065188391, 5.475634188239978, 4.158220425603137, -5.403912938732789, -6.582899390554749, -3.687058328085109, 3.4576334704538993, 3.1837638916098037, 6.750114339101366, 3.395044236258107, 3.9439061944278198, 4.477102164531823, 3.4372411883675564, 6.421345429702605, 7.126177097200596, -6.500304391419183],[-0.382143677007484, 6.565322075182348, 6.539140094542127, 6.035284763300556, 0.929963770759457, -2.921593459528715, 3.515870472920824, -6.0891587113437184, 0.11427250922962706, 6.115571578811533, -1.4870047674370177, -1.8241080525380777, -5.833340800337861, 4.586767429003498, -1.837972692198111, 4.839977729705767],[-3.822876527789112, -1.3071979627759607, 8.06206589226867, 0.646823245239931, 6.0467946506188, -6.0552371543018735, 8.218289250440932, -9.721015189225621, -4.021711249874908, -5.6117064296415915, 8.13904852946759, -4.364606751806754, -7.7555340802026755, 0.13960558103982557, 0.3653281767550318, -4.010339788237529],[-3.594858853977046, -8.113902154731075, -5.426106691289585, -4.2818976256971375, 4.160841628844054, -2.2203275293741793, -0.6040828455263476, 4.68307206994073, -9.322777467407924, -0.4947976901343374, -4.283664425342632, -5.866196721293213, -2.5167056055695554, 8.432469152114262, 6.801224822887487, 3.0849093764376754],[0.4443963077185735, -7.559050449108429, -2.192476654639581, 2.7936720856744373, 7.90632476186336, -8.782531656683997, -9.938549908831963, -9.433619997142808, 4.526850871751943, -7.686245544730879, -6.051000493070364, -9.968870440936206, 3.7535535214901756, 1.138441064729978, 8.343934398657375, 4.603824980525641],[-6.1815806608936, 8.075646423680244, -4.8583391743087105, -2.0145505972604187, -5.173287806799063, 9.932337613775651, 5.311862628989523, -6.6435860704906835, -0.19435986822620777, 0.5303802593832518, 0.046214334578319693, 7.992413389601506, -3.102246978207395, 5.708481737172688, 4.746691262547444, 2.526315321581645],[9.64014550042323, 0.3342104042413041, -8.676928765046227, -1.8309230160652632, 5.925551875429353, -2.388118135199006, 9.26487700391139, -4.679335093525172, 4.523828446424805, 9.185402501233423, -1.0032240666135017, -6.740257259085729, -5.433171875621461, 2.9257397743888447, -9.210180113944995, -3.9752090984839956],[-1.6244310122109482, 8.43236921432052, 1.8061220467078538, 5.544777908524292, -0.5849820545026834, -9.191002113188258, -5.3912019081988145, 9.333489870760353, 4.772843014356011, 5.087960338852927, -9.911732928817539, 5.232970737816968, 9.64990880444401, -4.840185454424011, -1.8193058350503826, -0.7227258541514043],[-6.071368337493277, 0.4020775306090041, 3.753684733918332, 0.8967796287503216, 9.096264088457406, 5.7095999427734885, -4.107630083171873, -5.913370803349432, 6.911828429671743, -3.5673622179662328, -8.210971227909312, 6.107972463566842, -5.488213385689393, 8.1351126446365, 8.489234598145977, 2.4836363453318313],[-2.2243508836604997, 0.21000872208379917, 3.8795139195789297, -7.953666818006091, 9.726084807833498, -6.208664237834953, -8.656438521454303, -6.896211577622189, -4.234092539332743, 1.291887550259263, -5.49982856923971, 7.867636666698306, 8.823827855128293, -0.2908808194496153, -8.731994068526419, 6.084955114419618],[1.7033723770699556, 7.168265183686401, 2.0635507144384206, 2.5886078771673766, 4.256724669833078, -0.618252602385267, 6.959639998216392, 3.3087122413012526, -5.1194705708235455, 0.8032924762225306, 1.3154896971788688, -3.480950099109581, -0.9222202925097971, 0.7639659013890849, 3.7751356282003368, -1.6463490443381374]];biases=[-7.8314095312787675, -3.9363096898606393, 7.992115484529023, -8.192033797568627, -9.291897094396276, -9.42285160299723, -7.976981888740065, -5.042139395108743, 3.1371789854911842, -2.868394042919105, 0.4093021277484361, 7.966672302432407, 5.978905442598922, 6.824845949940329, -4.118161831129006, 5.180855987390753];activationFunc=ReLu}
layer2: Layer{weights=[[9.634878746892038, -3.855806608466872, -9.696091579705206, 9.370147794368282, -1.7295718130281674, -6.885888034601253, 2.241666148893046, -4.890671008413447, -0.46424775640727134, -0.5898239657007327, 6.461216170263597, -6.175080433541766, 8.287302342839926, 3.392267320244514, 2.0735299624092924, 5.581628542486845]];biases=[-8.738435268876918];activationFunc=Sigmoid}
]
}