x= 290.0
generationNumber= 26
bestScore= 8872459
radius= 12.0
maxPipeX= 1060.0
floorY= 540.0
mutationChance= 0.1
max_bias= 10.0
min_bias= -10.0
max_weight= 10.0
min_weight= -10.0
NeuralNetwork{
Number_of_neurons: [5,16,16,1]
layers:
[layer0: Layer{weights=[[3.6991773989689705, -4.770259358668254, -8.194831841876045, -4.917952290314274, 3.8002568802855166],[6.6047391044251, -4.6687833641566705, -4.233216427012236, -2.978505123984778, -1.3572691518367215],[-0.018190833443350485, -9.07526027447162, 2.721891945433274, 6.062733745634265, -6.3514621693208255],[5.1956931314861095, 1.1296866366542666, -5.178195906601111, 8.828272465216312, -6.530458506446162],[-0.8594064029040744, -8.207780135146223, 0.6985705582283721, -9.72772653492621, -6.919890084397262],[9.275018234077315, -1.7898733386567596, 8.528469086356985, -4.777843425566372, 6.214548335470791],[6.68344832041732, 2.2771808255454378, 5.501558542380511, 1.7534743139259117, -8.45533954747998],[-4.132433636823, 3.2475364498025243, -1.7321661575699103, 8.374703872806336, -9.885194006607922],[7.9041770701821115, -7.412097518473391, -8.622402593912426, 7.4401724784888685, 8.327241957775676],[2.2552670672906423, -2.312797623880396, 3.1241048345646583, -6.365616224657651, 2.137839529203731],[5.939771234777439, 4.379238316627031, 1.27381630281352, 0.8171935559757415, 0.20876298666468784],[-4.060063765471876, -9.088455490218525, -0.90887471163893, -9.192152880478172, -3.324386486319659],[-3.7821516475965637, -1.4626032534246942, 1.0196896456674782, 3.479485468386784, 9.726590883369479],[5.017911189137468, -6.0422960281404725, -1.3614274655060594, 9.60039429912516, -3.944953795851185],[-9.396575921394382, 4.6953829978501, 9.168288937875253, -0.659664330991653, 2.778661628825631],[7.8985442272987925, -5.02765375375108, -5.574252303564034, 3.5789456080882225, -7.914189475682079]];biases=[5.0533104185720195, -4.963246125867597, -8.94051364521406, 6.896506724654305, -2.44662603810516, -6.955631609778252, -1.4851579080926154, -1.153580434426523, -7.468096193596267, -4.215454137850623, -2.415348764493988, -2.5554933010067966, 3.483410443035188, 2.512164674459928, -4.255009697489179, 2.99541888062517];activationFunc=ReLu}
layer1: Layer{weights=[[-6.365268444914303, 6.296132972454853, -8.573049289377945, -0.0672625928742221, 5.110786196046689, -7.449920758528046, -1.3824336835006257, -4.890745784845496, 3.749059875257867, 5.898169787996981, -8.068109169660922, -7.430247055951433, 8.174613453111615, -4.3091228812180145, -4.74998557226421, -1.1467469498977358],[-2.4186063494061694, 8.520983032951499, -6.785880357178613, -6.35198731568007, 6.320056897894492, -3.315169738904835, 6.161608955828612, 6.09439095171934, -0.31628086006369216, 5.048469287710182, 2.339766747956757, 7.770973499527049, -5.558781482897186, 1.5670164634821901, 9.251854203949755, 0.9271857616332078],[-0.07610392321817017, -5.466916612329187, -4.216545715256588, 9.485097197611566, -7.369796287497509, 2.475100284153644, 7.767229921409687, 8.117722157893088, 0.5565231172729757, -5.970867831846456, -6.413192605821747, -6.0399721902181085, 3.9016312150237926, 7.133632769745134, 3.0441446951090168, -3.048989107451896],[9.270069169229888, -9.723187559306057, -7.061021474068763, 6.02024153720884, -5.359496064065537, 3.821884526610848, -1.9950384720486642, -0.29805196070907414, -6.710589942214769, 1.595566533562378, -5.332591338202084, 1.8517709783391485, 6.323125322432048, 6.368067256881236, -8.799972197882726, 5.513050283190497],[8.469229722586462, -5.330024694890955, 0.7793224227543405, 2.5580950449556816, 2.2405444220418644, 2.6913620811559564, 2.4786615401710144, -6.715814224681427, 2.4511499177601443, -2.2834083487224044, 3.7077934044085303, 4.852147284557862, 8.824190371086878, 2.016308210209923, -8.733086226165742, 1.151708291510328],[9.08016233401051, 1.5657172065672924, 2.8191915237720835, 4.233856178236941, 3.633771427405023, -9.885179018236059, 9.999874046982232, -6.407872139750466, -6.261444973961192, 3.395044236258107, 2.619209453068896, -9.97414829771639, 8.031723074421425, -1.336841286749646, 0.38572505818229175, -3.416235294116971],[0.028541888326680365, -5.056743615974259, 5.9324578244709425, -2.53638546510828, -2.92143757327808, -7.854848471569181, 8.096755661141437, 9.568742387908951, 7.928027471420879, -7.274944767676434, -1.4870047674370177, -1.281070512332132, -6.719105937537819, -7.247632793645311, -5.214919049234079, -8.41476555024599],[-1.7982115846153963, -8.219553498840945, -5.293045900518716, 6.765976586251707, 0.1574859826889643, -0.032168466243998495, -2.6171321679922492, 3.9810908074490996, 2.9431002669182362, 4.581586787325879, -9.958104819794592, -4.364606751806754, -5.423492067601945, 2.8487010062792617, -0.1417879174660115, -4.010339788237529],[4.059655574641832, 8.24964266202156, -2.7893288963337737, -1.537985954691683, -2.4674582350090457, -0.8436346753516659, -0.1381409737460011, -2.4036964199885658, 3.7636695934297375, 0.4650101991132338, 0.179682872918832, 1.9296775469826084, -7.736043585300438, 4.716927602882095, 4.75390736617836, 1.7161452484269546],[4.251528182669308, -9.680833794339364, 9.5017238390691, -2.0188705143679826, -3.7393599576863483, 6.855964011197518, 0.26108579653161357, -1.4178088014894659, 1.6199071642108152, -7.686245544730879, -5.097031096031042, -3.2672262114301613, -8.782135189581549, -5.065647118703507, 4.817045748158854, 3.431459812757666],[8.159032246583159, 0.8693279233748434, 3.992722755792414, 1.4347973638471583, 3.5984279775351204, 9.199477231373436, 6.591297401405431, -8.971885766293182, -5.923430030678967, -1.301196932737934, -7.593139216096305, 4.887615551138058, 5.476963538330464, 5.708481737172688, -1.145892884893998, -1.4018673378224573],[-3.8717708066257934, 0.3342104042413041, -8.676928765046227, 9.639442560976995, 5.800486914773934, -2.515271217131847, 0.5194660186279414, -5.443404766402997, 1.1400480288216635, -0.40948702785722446, 1.263973907844612, 2.273166311591739, -0.35605882657862864, -7.86062491904606, -9.210180113944995, -1.2577510471695241],[-5.221406488603222, 8.365802888838424, 2.0210559820984297, -0.4345023757672415, 3.0356430693830703, -1.828469221294215, -4.6122100692791435, 9.333489870760353, 4.457464074868556, -8.467828593090589, -5.136691114990189, -0.2737622811964684, 9.390006558599687, 6.6983076313695875, 6.331164664475452, -4.7562273426917585],[-5.381186656163908, -6.247360445000423, -1.9017730101653196, -4.522569790909905, -4.5048089925154144, 2.941084190439039, -8.465153023930165, -8.250912869510643, -0.16290701155525866, 6.774737450534214, 2.2917268907969124, -6.702893306402653, -6.172114632733106, 4.29394325117056, 2.690743673917307, 5.883752950033234],[8.72582614042274, -7.043150161887322, -4.952559745134389, 4.308809151594559, 7.897214919977749, 8.497895051583903, -8.656438521454303, 2.963476911174922, 0.34842799433532434, 6.380014398708745, -9.391492784655702, 7.323788503089233, -4.395719681649572, 1.579428010621168, 7.838197103982473, -8.396928873684928],[4.375414822201609, -8.871451723905457, -9.157227963873098, 0.997631022827683, 0.3654307212650103, -0.618252602385267, 2.1397138123457573, -5.3072358532153725, -1.7519516283108452, 0.8032924762225306, -0.10287209004542675, -9.16237704095494, -1.3693656874594424, 3.5556539335724224, 0.20441885999299636, 1.7121120727872672]];biases=[1.9297073635130282, -0.32193108565961737, 0.03413916019177421, -0.12775876150995025, 9.905468184177842, 0.7043719567224933, 0.7339887873192641, 0.6341682780808693, -2.006395444069719, -7.721983443014562, 9.942034534391219, -1.842067342042089, -8.199173401061024, -2.9193217718415987, -2.5925869869094065, 5.927263094802342];activationFunc=ReLu}
layer2: Layer{weights=[[4.4941763701650075, -3.5225316818570906, 0.09055770910183547, -8.970650027217959, 3.9328509916355223, 8.383990127223043, 2.241666148893046, 5.532682678097689, -0.46424775640727134, -4.288211280465606, -5.506205580565677, 2.2282498512373117, 0.36119923031141354, 5.183362831783057, -7.78801814804204, 5.581628542486845]];biases=[2.0452350141931426];activationFunc=Sigmoid}
]
}
NeuralNetwork{
Number_of_neurons: [5,16,16,1]
layers:
[layer0: Layer{weights=[[3.6991773989689705, -4.770259358668254, -8.194831841876045, -4.917952290314274, 3.8002568802855166],[3.752654149947091, -4.6687833641566705, -4.233216427012236, -2.978505123984778, 5.792051771054181],[-0.018190833443350485, -9.07526027447162, 3.7444449248960012, 6.062733745634265, -6.3514621693208255],[5.1956931314861095, 8.797366216957634, -5.017304388711528, 8.828272465216312, -6.530458506446162],[-0.8594064029040744, -8.207780135146223, -6.117345698243167, -9.72772653492621, -8.11279593078499],[9.275018234077315, -4.992726451313764, 8.528469086356985, -4.777843425566372, 6.214548335470791],[6.68344832041732, 2.2771808255454378, 5.501558542380511, 1.7534743139259117, -8.45533954747998],[-4.132433636823, 3.2475364498025243, 2.986492314437415, 8.374703872806336, -9.885194006607922],[7.9041770701821115, -0.5640819203656822, -8.622402593912426, 7.4401724784888685, 8.327241957775676],[-4.973370746054481, -2.3065708125911444, 3.1241048345646583, -6.365616224657651, 2.137839529203731],[5.939771234777439, 4.379238316627031, 1.27381630281352, 0.8171935559757415, 0.20876298666468784],[-4.060063765471876, -9.088455490218525, -0.90887471163893, -9.192152880478172, -3.324386486319659],[-3.7821516475965637, -1.4626032534246942, 1.0196896456674782, 3.479485468386784, 9.726590883369479],[5.017911189137468, -0.3680783190715431, -1.3614274655060594, 9.60039429912516, -3.944953795851185],[-1.6246397982201248, 4.6953829978501, 9.168288937875253, -5.6509608868044525, 2.778661628825631],[-6.58954322631057, -5.02765375375108, -5.574252303564034, 3.5789456080882225, -7.914189475682079]];biases=[5.0533104185720195, -4.963246125867597, -8.94051364521406, -2.6703456692676024, 7.845618417850179, -3.7767378157374214, 9.574821738129181, -1.153580434426523, -7.468096193596267, -4.215454137850623, 6.948943611720047, -2.5554933010067966, 3.483410443035188, 2.512164674459928, -4.255009697489179, 2.99541888062517];activationFunc=ReLu}
layer1: Layer{weights=[[-6.365268444914303, 6.296132972454853, 5.533589691038145, -0.0672625928742221, 5.110786196046689, -7.449920758528046, -1.3824336835006257, 7.614599999166142, 3.749059875257867, 5.898169787996981, -8.068109169660922, -7.430247055951433, 8.174613453111615, -4.3091228812180145, -4.74998557226421, -1.1467469498977358],[7.80799006981303, 8.520983032951499, -6.785880357178613, -8.946367026947213, 6.320056897894492, -3.315169738904835, 6.161608955828612, 6.09439095171934, 0.048592531976680675, 5.048469287710182, 7.757693816014083, 1.0917155760752717, -5.558781482897186, 1.5670164634821901, 9.251854203949755, 0.9271857616332078],[-5.059278140084382, -5.466916612329187, 0.786057358132128, 9.485097197611566, -7.369796287497509, 3.2429218832087603, 7.767229921409687, 8.117722157893088, 0.5565231172729757, -3.983246302954928, -6.413192605821747, -6.0399721902181085, -9.26231996305515, 2.759687015392407, -1.1314687019367557, -3.048989107451896],[9.270069169229888, -9.723187559306057, -7.061021474068763, 6.02024153720884, -5.359496064065537, 3.821884526610848, -1.9950384720486642, -9.585966573597435, -6.710589942214769, -1.1397543576259554, -5.332591338202084, 1.8517709783391485, 6.323125322432048, 6.368067256881236, -5.794614138895029, 5.513050283190497],[8.469229722586462, -5.330024694890955, -0.530201045801121, 2.5580950449556816, 7.2557227256396715, 2.6913620811559564, 9.068503923550828, -6.715814224681427, 2.4511499177601443, -2.2834083487224044, 3.7077934044085303, 4.852147284557862, 8.824190371086878, 2.016308210209923, -8.733086226165742, 1.151708291510328],[9.08016233401051, -5.426234243929315, 2.8191915237720835, 4.233856178236941, 3.633771427405023, -9.885179018236059, 9.999874046982232, -0.24023563992387054, -6.261444973961192, 3.395044236258107, -7.617829880676002, -9.97414829771639, -7.954192813091425, 8.668997539135756, 0.38572505818229175, -3.416235294116971],[0.028541888326680365, -5.056743615974259, 5.9324578244709425, 5.023812330538659, -2.92143757327808, -3.623215488465325, 8.096755661141437, 7.245095808972749, 7.928027471420879, -7.274944767676434, -1.4870047674370177, -1.281070512332132, 8.674561502830905, -7.247632793645311, -5.214919049234079, -8.41476555024599],[-1.7982115846153963, -8.219553498840945, -5.293045900518716, -8.237068883809467, 0.1574859826889643, -0.032168466243998495, -2.6171321679922492, 3.9810908074490996, 2.9431002669182362, 4.581586787325879, -9.958104819794592, -4.364606751806754, -5.423492067601945, 2.8487010062792617, -0.1417879174660115, -4.010339788237529],[4.059655574641832, 8.24964266202156, -2.7893288963337737, -1.537985954691683, -2.4674582350090457, -0.8436346753516659, -0.1381409737460011, -3.6607533429332895, 3.7636695934297375, 0.4650101991132338, 0.179682872918832, 1.9296775469826084, -7.736043585300438, 4.716927602882095, -0.4236484493607584, 1.7161452484269546],[4.251528182669308, -9.680833794339364, 9.5017238390691, -2.0188705143679826, -3.7393599576863483, 6.855964011197518, 0.26108579653161357, -1.4178088014894659, 1.6199071642108152, -7.686245544730879, -5.097031096031042, -3.2672262114301613, -8.782135189581549, -4.789894524663582, 2.0968473847166162, 8.42742856933548],[9.503224533474917, 0.8693279233748434, 3.992722755792414, 1.4347973638471583, 3.5984279775351204, 9.199477231373436, 6.591297401405431, -8.971885766293182, -5.923430030678967, -4.305097917423333, -7.593139216096305, 4.887615551138058, -9.546460070329378, 5.708481737172688, -1.145892884893998, -1.4018673378224573],[-3.8717708066257934, 0.3342104042413041, -8.676928765046227, 6.416565751866074, -5.334384818610194, -2.515271217131847, 0.5194660186279414, -5.443404766402997, -0.40093753003149146, -0.40948702785722446, 1.263973907844612, 2.273166311591739, 4.579846242229005, -7.86062491904606, -9.210180113944995, -1.2577510471695241],[-5.221406488603222, -7.5915870069663764, 2.0210559820984297, -0.4345023757672415, 3.0356430693830703, -1.828469221294215, -4.6122100692791435, 9.333489870760353, 4.457464074868556, -8.467828593090589, -5.136691114990189, -0.2737622811964684, 2.9120433745574292, 6.6983076313695875, 6.331164664475452, 5.59730014200802],[-5.381186656163908, -6.247360445000423, -1.9017730101653196, -0.810912788170322, 2.5622159045250026, 2.941084190439039, -8.465153023930165, 6.755786532323356, -0.16290701155525866, 6.774737450534214, 2.2917268907969124, -6.702893306402653, -6.172114632733106, 4.29394325117056, 2.690743673917307, 5.883752950033234],[-1.899698073906082, -7.043150161887322, 3.8795139195789297, 4.308809151594559, 7.897214919977749, 8.497895051583903, -8.656438521454303, 2.963476911174922, 0.34842799433532434, 6.380014398708745, -5.2010706636869175, -9.737099396068917, -4.395719681649572, 3.5019999218920965, 7.838197103982473, -8.396928873684928],[4.375414822201609, -8.871451723905457, -9.157227963873098, 0.997631022827683, 2.4934332088477706, -0.618252602385267, 2.1397138123457573, -5.3072358532153725, -1.7519516283108452, 0.8032924762225306, -0.10287209004542675, 6.467561207319456, -1.3693656874594424, 3.5556539335724224, 0.20441885999299636, 1.7121120727872672]];biases=[1.9297073635130282, -0.32193108565961737, 0.03413916019177421, -0.12775876150995025, 9.905468184177842, -2.5903666141987376, 0.7339887873192641, 0.6341682780808693, -2.006395444069719, -7.721983443014562, 9.942034534391219, -1.842067342042089, -8.199173401061024, -2.9193217718415987, -2.5925869869094065, 5.180855987390753];activationFunc=ReLu}
layer2: Layer{weights=[[4.4941763701650075, -3.5225316818570906, 8.51068904274069, -8.970650027217959, 3.9328509916355223, 8.383990127223043, 2.241666148893046, 5.532682678097689, -7.560699308064818, -4.288211280465606, -5.506205580565677, 2.2282498512373117, 0.36119923031141354, 5.183362831783057, -7.78801814804204, 5.581628542486845]];biases=[9.1810860677773];activationFunc=Sigmoid}
]
}
NeuralNetwork{
Number_of_neurons: [5,16,16,1]
layers:
[layer0: Layer{weights=[[3.6991773989689705, -4.770259358668254, -8.194831841876045, -4.917952290314274, 3.8002568802855166],[3.752654149947091, -4.6687833641566705, -4.233216427012236, -2.978505123984778, 5.792051771054181],[-0.018190833443350485, -9.07526027447162, 3.7444449248960012, 6.062733745634265, -6.3514621693208255],[5.1956931314861095, 1.1296866366542666, 2.6444131481852367, 8.828272465216312, -6.530458506446162],[-0.8594064029040744, -8.207780135146223, -6.117345698243167, -9.72772653492621, -6.919890084397262],[9.275018234077315, -1.7898733386567596, 8.528469086356985, -4.777843425566372, -9.872097093559278],[6.68344832041732, 2.2771808255454378, 5.501558542380511, 1.7534743139259117, -9.854988884908044],[-4.132433636823, 3.2475364498025243, 2.986492314437415, 8.374703872806336, -9.885194006607922],[7.9041770701821115, -0.5640819203656822, -8.622402593912426, 7.4401724784888685, 8.327241957775676],[-4.973370746054481, -2.3065708125911444, 3.1241048345646583, -6.365616224657651, 2.137839529203731],[5.939771234777439, 4.379238316627031, 1.27381630281352, 0.8171935559757415, 0.20876298666468784],[-4.060063765471876, -9.088455490218525, -0.90887471163893, -9.192152880478172, -3.324386486319659],[-3.7821516475965637, -1.4626032534246942, 1.0196896456674782, 3.479485468386784, 9.726590883369479],[5.017911189137468, -6.0422960281404725, -1.3614274655060594, 9.60039429912516, -7.611901089032802],[-9.396575921394382, 4.6953829978501, 9.168288937875253, -5.6509608868044525, 2.778661628825631],[-6.58954322631057, -5.02765375375108, -5.574252303564034, 3.5789456080882225, -7.914189475682079]];biases=[5.0533104185720195, -4.963246125867597, -4.722432271754458, -2.6703456692676024, -2.44662603810516, -3.7767378157374214, -1.4851579080926154, -1.153580434426523, -7.468096193596267, -4.215454137850623, 5.04478555821324, -2.5554933010067966, -6.649821927975643, 2.512164674459928, -4.255009697489179, 2.99541888062517];activationFunc=ReLu}
layer1: Layer{weights=[[-6.365268444914303, 6.296132972454853, -8.573049289377945, -0.0672625928742221, 5.110786196046689, -7.449920758528046, -1.3824336835006257, 7.614599999166142, 3.749059875257867, 5.898169787996981, -8.068109169660922, -7.430247055951433, 8.174613453111615, -4.3091228812180145, -4.74998557226421, -1.1467469498977358],[7.80799006981303, 8.520983032951499, -6.785880357178613, -8.946367026947213, 6.320056897894492, -3.315169738904835, 8.47326782334601, 6.09439095171934, -0.31628086006369216, 5.048469287710182, 2.339766747956757, -6.72920467627619, -5.558781482897186, 1.5670164634821901, 9.251854203949755, 0.9271857616332078],[-5.059278140084382, -6.318224230823269, -4.216545715256588, 9.485097197611566, -7.369796287497509, 3.2429218832087603, 7.767229921409687, 8.117722157893088, 0.5565231172729757, -3.983246302954928, -6.413192605821747, -6.0399721902181085, 7.836165496937632, 7.133632769745134, -1.1314687019367557, -3.048989107451896],[9.270069169229888, -9.723187559306057, -7.061021474068763, -8.041949221718276, -2.49322926327749, 3.821884526610848, -1.9950384720486642, -0.29805196070907414, -6.710589942214769, 1.595566533562378, -5.332591338202084, 1.8517709783391485, 6.323125322432048, 6.368067256881236, -8.799972197882726, 5.513050283190497],[8.469229722586462, -5.330024694890955, 8.21277016523301, 2.5580950449556816, 7.2557227256396715, 2.6913620811559564, -1.6236069245441591, -6.715814224681427, 2.4511499177601443, -2.2834083487224044, 3.7077934044085303, 4.852147284557862, 8.585043780993175, 2.016308210209923, -8.733086226165742, 1.151708291510328],[9.08016233401051, -5.426234243929315, 2.8191915237720835, -0.9351285383451895, 3.633771427405023, -9.885179018236059, 9.999874046982232, -0.24023563992387054, -6.261444973961192, 3.395044236258107, 2.619209453068896, -9.97414829771639, -7.954192813091425, 8.668997539135756, 0.38572505818229175, -3.416235294116971],[0.028541888326680365, -5.056743615974259, 5.9324578244709425, -2.53638546510828, -2.92143757327808, -7.854848471569181, 8.096755661141437, 0.21242332347182824, 7.928027471420879, -7.274944767676434, -1.4870047674370177, -1.281070512332132, -6.719105937537819, -7.247632793645311, -5.214919049234079, -8.41476555024599],[-1.7982115846153963, -8.219553498840945, -5.293045900518716, 6.765976586251707, 0.1574859826889643, -0.032168466243998495, -2.6171321679922492, 3.9810908074490996, 2.9431002669182362, 8.461331841952465, -9.958104819794592, -4.364606751806754, -5.423492067601945, 2.8487010062792617, -0.1417879174660115, -4.010339788237529],[4.059655574641832, 8.24964266202156, -2.7893288963337737, -1.537985954691683, -2.4674582350090457, -0.8436346753516659, -0.1381409737460011, -3.6607533429332895, 3.7636695934297375, 0.4650101991132338, 0.179682872918832, 1.9296775469826084, -7.736043585300438, 4.716927602882095, -0.4236484493607584, 1.7161452484269546],[4.251528182669308, -2.5409087638645245, 9.5017238390691, -9.789505963539236, -3.7393599576863483, 6.855964011197518, 0.26108579653161357, -1.4178088014894659, 1.6199071642108152, -7.686245544730879, -5.097031096031042, -3.2672262114301613, -8.782135189581549, -4.789894524663582, 2.0968473847166162, 3.431459812757666],[-4.610443753286897, 0.8693279233748434, 3.992722755792414, 1.4347973638471583, 3.5984279775351204, 9.199477231373436, 6.591297401405431, -8.971885766293182, -5.923430030678967, -6.309225942724074, -7.593139216096305, -6.917926705084099, -9.546460070329378, 5.708481737172688, -1.145892884893998, -1.4018673378224573],[-9.252457514667345, 0.3342104042413041, -8.676928765046227, 0.19076358681239647, -5.334384818610194, 2.1945375223857173, 0.5194660186279414, 7.979719225371397, -0.40093753003149146, -0.40948702785722446, 1.263973907844612, 2.273166311591739, -0.35605882657862864, -7.86062491904606, -9.210180113944995, -1.2577510471695241],[-5.221406488603222, 8.365802888838424, 2.0210559820984297, -8.013936840194066, 3.0356430693830703, -1.828469221294215, -5.7154236222715475, 9.333489870760353, 4.457464074868556, -8.467828593090589, -5.136691114990189, -0.2737622811964684, 2.9120433745574292, 6.6983076313695875, 6.331164664475452, 5.63559477332069],[2.355108386966304, -6.247360445000423, -1.9017730101653196, -4.522569790909905, -1.3886135623562819, 2.941084190439039, -8.465153023930165, -8.250912869510643, -0.16290701155525866, 6.774737450534214, 2.2917268907969124, -6.702893306402653, -6.172114632733106, 4.29394325117056, 2.690743673917307, 5.883752950033234],[8.72582614042274, -7.043150161887322, 3.8795139195789297, 4.308809151594559, 7.897214919977749, 8.497895051583903, 3.852622221148163, 2.963476911174922, 0.34842799433532434, 6.380014398708745, -9.391492784655702, 7.323788503089233, -4.395719681649572, 1.579428010621168, 7.838197103982473, -8.396928873684928],[4.375414822201609, 7.276627263570369, -9.157227963873098, 0.997631022827683, -7.2198536825972965, -0.618252602385267, 2.1397138123457573, -5.3072358532153725, -1.7519516283108452, 0.8032924762225306, -0.10287209004542675, 6.467561207319456, -1.3693656874594424, 3.5556539335724224, 0.20441885999299636, 1.7121120727872672]];biases=[1.9297073635130282, -0.32193108565961737, 0.03413916019177421, -0.12775876150995025, 9.905468184177842, 0.7043719567224933, 0.7339887873192641, 0.6341682780808693, -2.006395444069719, -7.721983443014562, 9.942034534391219, -1.842067342042089, -8.199173401061024, -2.9193217718415987, -2.5925869869094065, 5.180855987390753];activationFunc=ReLu}
layer2: Layer{weights=[[4.4941763701650075, -3.5225316818570906, 8.51068904274069, -8.970650027217959, 3.9328509916355223, 8.383990127223043, 2.241666148893046, -1.5669201650655822, -0.46424775640727134, -4.288211280465606, -5.506205580565677, 2.2282498512373117, 4.657619538991272, 5.183362831783057, -7.78801814804204, 5.581628542486845]];biases=[2.0452350141931426];activationFunc=Sigmoid}
]
}
NeuralNetwork{
Number_of_neurons: [5,16,16,1]
layers:
[layer0: Layer{weights=[[3.6991773989689705, -4.770259358668254, -8.194831841876045, 7.10097943739413, 3.8002568802855166],[-3.1764931770028397, -4.6687833641566705, -4.233216427012236, -2.978505123984778, 6.269381522098104],[-0.018190833443350485, -9.07526027447162, 3.7444449248960012, 6.062733745634265, -6.3514621693208255],[5.1956931314861095, 1.1296866366542666, -5.017304388711528, 8.828272465216312, -8.695697856068449],[-0.8594064029040744, -8.207780135146223, -6.117345698243167, -9.72772653492621, -6.919890084397262],[9.275018234077315, -1.7898733386567596, 8.528469086356985, -4.777843425566372, 1.418898556965697],[1.2884499792989708, 2.2771808255454378, 5.501558542380511, 1.7534743139259117, -8.45533954747998],[-4.132433636823, 3.2475364498025243, 2.986492314437415, 8.374703872806336, -9.885194006607922],[7.9041770701821115, -0.5640819203656822, -8.622402593912426, 7.4401724784888685, 2.277396834898603],[-4.973370746054481, -2.3065708125911444, 3.1241048345646583, -6.365616224657651, 2.137839529203731],[5.939771234777439, 4.379238316627031, 1.27381630281352, 0.8171935559757415, 0.20876298666468784],[-4.060063765471876, -9.088455490218525, -0.90887471163893, -9.192152880478172, 4.3701875438190605],[-3.7821516475965637, -1.4626032534246942, 1.0196896456674782, 3.479485468386784, 9.726590883369479],[5.017911189137468, -6.0422960281404725, -1.3614274655060594, 9.60039429912516, -3.944953795851185],[-9.396575921394382, 4.6953829978501, 9.168288937875253, -5.6509608868044525, 4.901438335049132],[-6.58954322631057, -5.02765375375108, -5.574252303564034, 3.5789456080882225, -7.914189475682079]];biases=[5.0533104185720195, -4.963246125867597, -8.94051364521406, -2.6703456692676024, -2.44662603810516, -3.7767378157374214, -1.4851579080926154, -1.153580434426523, -7.468096193596267, -4.215454137850623, 5.04478555821324, -2.5554933010067966, 3.483410443035188, 2.512164674459928, -5.512028684999397, 2.99541888062517];activationFunc=ReLu}
layer1: Layer{weights=[[-6.365268444914303, 6.296132972454853, -8.573049289377945, -0.0672625928742221, 5.110786196046689, -7.449920758528046, -1.3824336835006257, 7.614599999166142, 1.931295399980808, 5.898169787996981, -8.068109169660922, -7.430247055951433, 8.174613453111615, -4.3091228812180145, -4.74998557226421, -1.1467469498977358],[7.80799006981303, 8.520983032951499, -6.785880357178613, -8.946367026947213, 6.320056897894492, -3.315169738904835, 6.161608955828612, 6.09439095171934, -0.31628086006369216, 5.048469287710182, 2.339766747956757, 1.0917155760752717, -5.558781482897186, 1.5670164634821901, 9.251854203949755, 0.9271857616332078],[-5.059278140084382, -7.946250259142551, -4.216545715256588, -2.9995068695861926, -7.369796287497509, 3.2429218832087603, 7.767229921409687, 8.117722157893088, 0.5565231172729757, -3.983246302954928, -6.413192605821747, -6.0399721902181085, -9.26231996305515, 7.133632769745134, -1.1314687019367557, -3.048989107451896],[5.162663767519916, -9.723187559306057, -7.061021474068763, 6.02024153720884, -4.926886442470455, 2.239298377673716, -1.9950384720486642, -0.29805196070907414, -6.710589942214769, 1.595566533562378, -5.332591338202084, 1.8517709783391485, 4.907458189824309, 6.368067256881236, -8.799972197882726, 5.513050283190497],[8.469229722586462, -5.330024694890955, 8.21277016523301, 2.5580950449556816, 7.2557227256396715, 2.6913620811559564, -1.6236069245441591, -6.715814224681427, 2.4511499177601443, -2.2834083487224044, 3.7077934044085303, 4.852147284557862, 8.824190371086878, 2.016308210209923, -8.733086226165742, 1.151708291510328],[9.08016233401051, -5.426234243929315, 8.490768952057298, 4.233856178236941, 3.633771427405023, -9.885179018236059, 9.999874046982232, -0.24023563992387054, -6.261444973961192, 3.395044236258107, 2.619209453068896, -9.97414829771639, -7.954192813091425, 8.668997539135756, 0.38572505818229175, -3.416235294116971],[0.028541888326680365, -5.056743615974259, 5.9324578244709425, -2.53638546510828, -2.92143757327808, -7.854848471569181, 8.096755661141437, 7.245095808972749, 7.928027471420879, -7.274944767676434, -1.4870047674370177, -1.281070512332132, -6.719105937537819, -7.247632793645311, -5.214919049234079, -8.41476555024599],[-1.7982115846153963, -8.219553498840945, 9.410312946609857, 6.765976586251707, -3.210397926116415, -0.032168466243998495, -2.6171321679922492, 3.9810908074490996, 2.9431002669182362, 4.581586787325879, -9.958104819794592, -4.364606751806754, -5.423492067601945, 2.8487010062792617, -0.1417879174660115, -4.010339788237529],[4.059655574641832, 8.24964266202156, 7.0453962362030325, -1.537985954691683, -2.4674582350090457, -0.8436346753516659, -0.1381409737460011, -3.6607533429332895, 3.7636695934297375, 0.4650101991132338, 0.179682872918832, 1.9296775469826084, -7.736043585300438, 4.716927602882095, -0.4236484493607584, 1.7161452484269546],[4.251528182669308, -9.680833794339364, 9.5017238390691, -2.0188705143679826, -3.7393599576863483, 6.855964011197518, 0.26108579653161357, -1.4178088014894659, 8.450102886745867, -7.686245544730879, -3.2931186567779385, 3.897306495268589, -8.782135189581549, -4.789894524663582, 2.0968473847166162, 3.431459812757666],[8.159032246583159, 0.8693279233748434, 3.992722755792414, 1.4347973638471583, 3.5984279775351204, 9.199477231373436, 6.591297401405431, -8.971885766293182, -5.923430030678967, -8.944199991342657, -7.593139216096305, 4.887615551138058, -9.546460070329378, 5.708481737172688, -1.145892884893998, -1.4018673378224573],[-3.8717708066257934, 0.3342104042413041, -8.676928765046227, 6.416565751866074, -5.334384818610194, -2.515271217131847, 0.5194660186279414, -5.443404766402997, -0.40093753003149146, -0.40948702785722446, 1.263973907844612, 2.273166311591739, -0.35605882657862864, -7.86062491904606, -9.210180113944995, -1.2577510471695241],[4.54187328168455, -3.5761307689191053, 2.0210559820984297, -0.4345023757672415, 3.0356430693830703, -1.828469221294215, -4.6122100692791435, 9.333489870760353, 4.457464074868556, -8.467828593090589, -5.136691114990189, -0.2737622811964684, 2.9120433745574292, 6.6983076313695875, 6.331164664475452, 5.59730014200802],[-5.381186656163908, -6.247360445000423, -1.9017730101653196, -4.522569790909905, -1.3886135623562819, 2.941084190439039, -8.465153023930165, -8.250912869510643, -0.16290701155525866, 6.774737450534214, 2.2917268907969124, -6.702893306402653, -6.172114632733106, 4.29394325117056, 2.690743673917307, 5.883752950033234],[8.72582614042274, -7.043150161887322, 1.61758310656284, 4.308809151594559, 7.897214919977749, 8.497895051583903, -8.656438521454303, 2.963476911174922, -2.9337863858688014, 6.380014398708745, -9.391492784655702, 7.323788503089233, -4.395719681649572, 1.579428010621168, 7.838197103982473, -8.396928873684928],[4.375414822201609, -8.871451723905457, -9.157227963873098, 0.997631022827683, 0.3654307212650103, -0.618252602385267, 2.1397138123457573, -5.3072358532153725, -1.7519516283108452, 0.8032924762225306, -0.10287209004542675, 6.467561207319456, -1.3693656874594424, 3.5556539335724224, 0.20441885999299636, 1.7121120727872672]];biases=[1.9297073635130282, -0.32193108565961737, 0.03413916019177421, -0.12775876150995025, 9.905468184177842, 0.7043719567224933, 0.7339887873192641, 0.6341682780808693, -9.312824149344314, -7.721983443014562, 9.942034534391219, -1.842067342042089, 2.2031750950641396, -2.9193217718415987, -2.5925869869094065, 5.180855987390753];activationFunc=ReLu}
layer2: Layer{weights=[[4.4941763701650075, -3.5225316818570906, 8.51068904274069, -8.970650027217959, 3.9328509916355223, 0.17318700748433713, 2.241666148893046, 5.532682678097689, -0.46424775640727134, -4.288211280465606, -5.506205580565677, 2.2282498512373117, 0.36119923031141354, 5.183362831783057, -7.78801814804204, 5.581628542486845]];biases=[2.0452350141931426];activationFunc=Sigmoid}
]
}
NeuralNetwork{
Number_of_neurons: [5,16,16,1]
layers:
[layer0: Layer{weights=[[3.6991773989689705, -4.770259358668254, -8.194831841876045, -4.917952290314274, 3.8002568802855166],[3.752654149947091, -4.6687833641566705, -4.233216427012236, -7.773408144500175, 5.792051771054181],[6.697257050975644, -9.07526027447162, 3.7444449248960012, 6.062733745634265, -6.3514621693208255],[5.1956931314861095, 1.1296866366542666, -5.017304388711528, 8.828272465216312, -6.530458506446162],[-1.9833353608639328, -8.207780135146223, 8.222305554093829, -9.72772653492621, -6.919890084397262],[9.275018234077315, -1.7898733386567596, 8.528469086356985, -4.777843425566372, 6.214548335470791],[6.68344832041732, 2.2771808255454378, 5.501558542380511, 1.7534743139259117, -8.45533954747998],[-4.132433636823, 3.2475364498025243, 2.986492314437415, 8.374703872806336, -9.885194006607922],[7.9041770701821115, -0.5640819203656822, -8.622402593912426, 7.4401724784888685, 8.327241957775676],[-4.973370746054481, -6.60354758312155, 0.8301473397930632, -6.365616224657651, 2.137839529203731],[5.939771234777439, 4.379238316627031, 1.27381630281352, 0.8171935559757415, 0.20876298666468784],[-4.060063765471876, -9.088455490218525, -0.90887471163893, -9.192152880478172, -3.324386486319659],[-3.7821516475965637, -1.4626032534246942, 1.0196896456674782, 3.479485468386784, 9.726590883369479],[5.017911189137468, -6.0422960281404725, -1.3614274655060594, 9.60039429912516, 4.657088134669403],[-9.396575921394382, 4.6953829978501, 9.168288937875253, 2.7936122610971736, -8.70840011286978],[-6.58954322631057, -5.02765375375108, -5.574252303564034, 6.743202032872336, -7.914189475682079]];biases=[5.0533104185720195, -4.963246125867597, -8.94051364521406, -2.6703456692676024, -2.44662603810516, -3.7767378157374214, -1.4851579080926154, -1.153580434426523, -7.468096193596267, -4.215454137850623, -6.8734910790325365, -2.5554933010067966, 3.483410443035188, 2.512164674459928, -4.255009697489179, 2.99541888062517];activationFunc=ReLu}
layer1: Layer{weights=[[-6.365268444914303, 6.296132972454853, -8.573049289377945, -0.0672625928742221, 5.110786196046689, -7.449920758528046, -1.3824336835006257, 7.614599999166142, 3.749059875257867, 5.898169787996981, -8.068109169660922, -7.430247055951433, -7.587993580681047, -4.3091228812180145, -4.74998557226421, -1.1467469498977358],[7.80799006981303, 8.520983032951499, -6.785880357178613, -8.946367026947213, 6.320056897894492, -3.315169738904835, 6.161608955828612, 6.09439095171934, -0.31628086006369216, 5.048469287710182, 2.339766747956757, 1.0917155760752717, -5.558781482897186, 1.5670164634821901, 7.576340127806493, 0.9271857616332078],[-5.059278140084382, -5.466916612329187, -4.216545715256588, 9.485097197611566, -7.369796287497509, 3.2429218832087603, 7.767229921409687, 8.117722157893088, 0.5565231172729757, -3.983246302954928, -6.413192605821747, -6.0399721902181085, -9.26231996305515, 7.133632769745134, -1.1314687019367557, -3.048989107451896],[2.074053588633948, -9.723187559306057, -7.061021474068763, 6.02024153720884, -5.359496064065537, -0.29691874009681385, -1.9950384720486642, -0.29805196070907414, -6.710589942214769, -8.759332438353402, -5.332591338202084, 1.8517709783391485, 6.323125322432048, 6.368067256881236, -8.799972197882726, 5.513050283190497],[8.469229722586462, -5.330024694890955, 8.21277016523301, 2.5580950449556816, 3.0573408411125786, 2.6913620811559564, -1.6236069245441591, -6.715814224681427, 2.4511499177601443, -2.2834083487224044, 3.7077934044085303, 4.852147284557862, 8.824190371086878, 2.016308210209923, -8.733086226165742, 1.151708291510328],[9.08016233401051, -5.426234243929315, 2.8191915237720835, 4.233856178236941, 3.633771427405023, -9.885179018236059, 9.999874046982232, -0.24023563992387054, -6.261444973961192, 3.395044236258107, 2.619209453068896, -9.97414829771639, -7.954192813091425, 8.668997539135756, 0.38572505818229175, -3.416235294116971],[0.028541888326680365, -5.056743615974259, 0.5593156351841095, -2.53638546510828, -2.92143757327808, -7.854848471569181, 8.096755661141437, 7.245095808972749, 7.928027471420879, -7.274944767676434, -1.4870047674370177, -1.281070512332132, 6.4258612493772205, -7.247632793645311, -5.214919049234079, -8.41476555024599],[-1.7982115846153963, -8.219553498840945, -5.293045900518716, 6.765976586251707, 0.1574859826889643, -0.032168466243998495, 0.05466150237277745, 2.05976719295907, 2.9431002669182362, 4.581586787325879, -9.958104819794592, -4.364606751806754, -5.423492067601945, 2.8487010062792617, -1.4413960639946382, -4.010339788237529],[4.059655574641832, 8.24964266202156, -2.7893288963337737, -1.537985954691683, -2.4674582350090457, -0.8436346753516659, -0.1381409737460011, -6.4613898835316235, 3.7636695934297375, 0.4650101991132338, 0.179682872918832, 1.9296775469826084, -7.736043585300438, 4.716927602882095, -0.4236484493607584, 1.7161452484269546],[2.313741574155266, -9.680833794339364, 9.5017238390691, -2.0188705143679826, 2.692850817630564, 6.855964011197518, 0.26108579653161357, -1.4178088014894659, 1.6199071642108152, -7.686245544730879, -5.097031096031042, -3.2672262114301613, -8.782135189581549, 5.876356152494601, 2.0968473847166162, 3.431459812757666],[8.159032246583159, 0.8693279233748434, 3.992722755792414, 1.4347973638471583, 3.5984279775351204, 9.199477231373436, 6.591297401405431, -8.971885766293182, -5.923430030678967, -4.305097917423333, -7.593139216096305, 4.887615551138058, -9.546460070329378, 7.0016656167758065, -1.145892884893998, -1.4018673378224573],[-3.8717708066257934, 0.3342104042413041, -8.676928765046227, 6.416565751866074, -5.334384818610194, -2.515271217131847, 0.5194660186279414, -5.443404766402997, -0.40093753003149146, -0.40948702785722446, 1.263973907844612, 2.273166311591739, -0.35605882657862864, -7.86062491904606, -9.210180113944995, -1.2577510471695241],[-5.221406488603222, 8.365802888838424, 2.0210559820984297, -0.4345023757672415, -2.4395681458548957, -1.828469221294215, -3.487278940424181, -2.285740100745941, 4.457464074868556, -8.467828593090589, -5.136691114990189, -0.2737622811964684, -1.9182845082242537, 6.6983076313695875, 6.331164664475452, 5.59730014200802],[-5.381186656163908, -2.767209844123384, 7.562716025464521, -4.522569790909905, -1.3886135623562819, 2.941084190439039, -8.465153023930165, -8.250912869510643, -0.16290701155525866, 6.774737450534214, 2.2917268907969124, -6.702893306402653, -6.172114632733106, 4.29394325117056, 2.690743673917307, 5.883752950033234],[8.72582614042274, -3.2963169280738587, 3.8795139195789297, 4.308809151594559, 7.897214919977749, 8.497895051583903, -5.716962712644708, 2.963476911174922, 0.34842799433532434, 6.380014398708745, -9.391492784655702, 7.323788503089233, -4.395719681649572, 1.579428010621168, 7.387683693195527, -8.396928873684928],[4.375414822201609, -8.871451723905457, -9.157227963873098, 2.017145899827712, -1.5721353324486316, -0.618252602385267, 2.1397138123457573, -5.3072358532153725, -1.7519516283108452, 0.8032924762225306, -0.10287209004542675, 6.467561207319456, -1.3693656874594424, 3.5556539335724224, 0.20441885999299636, 1.7121120727872672]];biases=[1.9297073635130282, -0.32193108565961737, 0.03413916019177421, -0.12775876150995025, 0.042224216433798034, 0.7043719567224933, 0.7339887873192641, 0.6341682780808693, -2.006395444069719, -7.721983443014562, 9.942034534391219, -1.842067342042089, -8.199173401061024, -2.9193217718415987, 0.22987416514847858, 5.180855987390753];activationFunc=ReLu}
layer2: Layer{weights=[[4.4941763701650075, -3.5225316818570906, 8.51068904274069, -8.970650027217959, 3.9328509916355223, 8.383990127223043, 2.241666148893046, 5.532682678097689, -0.46424775640727134, 1.4340076341394088, -5.401602672810377, 2.2282498512373117, 0.36119923031141354, 5.183362831783057, -7.78801814804204, 5.581628542486845]];biases=[2.0452350141931426];activationFunc=Sigmoid}
]
}
NeuralNetwork{
Number_of_neurons: [5,16,16,1]
layers:
[layer0: Layer{weights=[[3.6991773989689705, -4.770259358668254, -8.194831841876045, -4.917952290314274, 3.8002568802855166],[3.752654149947091, -4.6687833641566705, -4.233216427012236, 1.082016761542267, 5.792051771054181],[-0.018190833443350485, -9.07526027447162, 3.7444449248960012, 6.062733745634265, -6.3514621693208255],[5.1956931314861095, 1.1296866366542666, -5.017304388711528, 8.828272465216312, -6.530458506446162],[-0.8594064029040744, -8.207780135146223, -6.117345698243167, -9.72772653492621, -6.919890084397262],[9.275018234077315, -1.7898733386567596, 8.528469086356985, -4.777843425566372, 6.214548335470791],[6.68344832041732, 2.2771808255454378, 5.501558542380511, 1.7534743139259117, -8.45533954747998],[-4.132433636823, 3.2475364498025243, 2.986492314437415, 8.374703872806336, -9.885194006607922],[7.9041770701821115, -0.5640819203656822, -8.622402593912426, 7.4401724784888685, 8.327241957775676],[-4.973370746054481, -2.3065708125911444, 3.1241048345646583, -6.365616224657651, 2.137839529203731],[5.939771234777439, 4.379238316627031, 1.27381630281352, 0.8171935559757415, 0.20876298666468784],[-4.060063765471876, -9.088455490218525, -0.90887471163893, -9.192152880478172, -3.324386486319659],[-3.7821516475965637, -1.4626032534246942, 1.0196896456674782, 3.479485468386784, 9.726590883369479],[5.017911189137468, -6.0422960281404725, -1.3614274655060594, 9.60039429912516, -3.944953795851185],[-9.396575921394382, 4.6953829978501, 9.168288937875253, -5.6509608868044525, 2.778661628825631],[-6.58954322631057, -5.02765375375108, -5.574252303564034, 3.5789456080882225, -7.914189475682079]];biases=[5.0533104185720195, -4.963246125867597, -5.490791364514356, -2.6703456692676024, -2.44662603810516, -3.7767378157374214, -1.4851579080926154, -1.153580434426523, -7.468096193596267, -4.215454137850623, 5.04478555821324, -2.5554933010067966, 3.483410443035188, 2.512164674459928, -4.255009697489179, 6.418389963937518];activationFunc=ReLu}
layer1: Layer{weights=[[-6.365268444914303, 6.296132972454853, -2.194371220567306, -0.0672625928742221, 5.110786196046689, -7.449920758528046, -1.3824336835006257, 7.614599999166142, 3.749059875257867, 5.898169787996981, -8.068109169660922, -7.430247055951433, 8.174613453111615, -4.936490872447717, -4.74998557226421, -1.1467469498977358],[7.80799006981303, 8.520983032951499, -6.785880357178613, -8.946367026947213, 6.320056897894492, -3.315169738904835, -3.7080288961305063, 6.09439095171934, -0.31628086006369216, 5.048469287710182, 2.339766747956757, 1.0917155760752717, -5.558781482897186, 1.5670164634821901, 9.251854203949755, 0.9271857616332078],[-5.059278140084382, -5.466916612329187, -4.216545715256588, 2.6036501785287047, -7.369796287497509, 3.2429218832087603, 7.767229921409687, 8.117722157893088, 0.5565231172729757, -3.863092355769928, -6.413192605821747, -6.0399721902181085, -9.26231996305515, 7.133632769745134, -1.1314687019367557, -3.048989107451896],[-1.2830382181376425, -9.723187559306057, -7.061021474068763, 6.02024153720884, -5.359496064065537, 3.821884526610848, -1.9950384720486642, -0.29805196070907414, -6.710589942214769, 1.595566533562378, -5.332591338202084, 1.8517709783391485, 6.323125322432048, 6.368067256881236, -8.799972197882726, 5.513050283190497],[8.469229722586462, -5.330024694890955, -5.517792911358425, 2.5580950449556816, 7.2557227256396715, 2.6913620811559564, -1.6236069245441591, -6.715814224681427, 2.4511499177601443, -2.2834083487224044, 3.7077934044085303, 4.852147284557862, 8.824190371086878, 2.016308210209923, -8.733086226165742, 1.151708291510328],[2.212342168121948, -5.426234243929315, 2.8191915237720835, 4.233856178236941, 3.633771427405023, -9.885179018236059, 9.999874046982232, -0.24023563992387054, -6.261444973961192, 3.395044236258107, 2.619209453068896, -9.97414829771639, -7.954192813091425, 8.668997539135756, 0.38572505818229175, 5.939763667870711],[0.028541888326680365, -5.056743615974259, -0.7780004878929798, -2.53638546510828, -4.444576579379973, -5.391908062540818, 8.096755661141437, 7.245095808972749, 7.928027471420879, -7.274944767676434, -1.4870047674370177, -1.281070512332132, -6.719105937537819, -7.247632793645311, -5.214919049234079, -8.41476555024599],[-1.7982115846153963, -8.219553498840945, -5.293045900518716, 6.765976586251707, 0.1574859826889643, -0.032168466243998495, -2.6171321679922492, 3.9810908074490996, 8.14085350681858, 4.581586787325879, -9.958104819794592, -4.364606751806754, -5.423492067601945, 2.8487010062792617, -0.1417879174660115, -4.010339788237529],[4.059655574641832, 8.24964266202156, -2.7893288963337737, -1.537985954691683, -2.4674582350090457, -0.8436346753516659, -0.1381409737460011, -3.6607533429332895, 3.7636695934297375, 0.4650101991132338, 0.179682872918832, 1.9296775469826084, -7.736043585300438, 4.716927602882095, -0.4236484493607584, 1.7161452484269546],[4.251528182669308, -9.680833794339364, 9.5017238390691, -2.0188705143679826, -3.7393599576863483, 6.855964011197518, 0.26108579653161357, -1.4178088014894659, 1.6199071642108152, 3.136905798350547, -5.097031096031042, -3.2672262114301613, -8.782135189581549, -4.789894524663582, 2.0968473847166162, 3.431459812757666],[8.159032246583159, 0.8693279233748434, 3.992722755792414, 1.4347973638471583, 3.5984279775351204, 9.199477231373436, 6.591297401405431, -8.971885766293182, -5.923430030678967, 5.396892794646281, -0.40327568599330554, 4.887615551138058, -9.546460070329378, 5.708481737172688, -1.145892884893998, -1.4018673378224573],[-3.8717708066257934, -5.14506615491724, -8.676928765046227, 7.150782312328616, -5.334384818610194, -2.515271217131847, 0.5194660186279414, -5.443404766402997, -0.40093753003149146, -0.40948702785722446, 1.263973907844612, 2.273166311591739, -0.35605882657862864, -7.86062491904606, -9.210180113944995, -1.2577510471695241],[-5.221406488603222, 8.365802888838424, 2.0210559820984297, -0.4345023757672415, 3.0356430693830703, -1.828469221294215, -4.6122100692791435, 9.333489870760353, 4.457464074868556, -8.467828593090589, -5.136691114990189, -0.2737622811964684, 2.9120433745574292, 6.6983076313695875, 6.331164664475452, 5.59730014200802],[-5.381186656163908, -6.247360445000423, -1.9017730101653196, -4.522569790909905, -1.3886135623562819, 2.941084190439039, 4.25683936041888, -8.250912869510643, -0.16290701155525866, 6.774737450534214, -3.723381557160539, -6.702893306402653, -6.172114632733106, 4.29394325117056, 2.690743673917307, 5.883752950033234],[8.72582614042274, -7.043150161887322, 3.8795139195789297, 4.308809151594559, 7.897214919977749, 8.497895051583903, -8.656438521454303, 2.963476911174922, 0.34842799433532434, 6.380014398708745, -9.391492784655702, 8.773238086985284, -4.395719681649572, 1.579428010621168, 3.1231626069028735, -8.396928873684928],[4.375414822201609, -8.871451723905457, -9.157227963873098, 0.997631022827683, 0.3654307212650103, -0.618252602385267, 2.1397138123457573, -5.3072358532153725, 6.079382987512211, 0.8032924762225306, -0.10287209004542675, 6.467561207319456, -1.3693656874594424, 3.5556539335724224, 0.20441885999299636, 1.7121120727872672]];biases=[1.9297073635130282, -0.32193108565961737, 0.03413916019177421, -0.12775876150995025, 9.905468184177842, 9.560770236647265, 0.7339887873192641, 0.6341682780808693, -2.006395444069719, -7.721983443014562, 9.942034534391219, -1.842067342042089, -8.199173401061024, 5.268490662621797, -2.5925869869094065, 5.180855987390753];activationFunc=ReLu}
layer2: Layer{weights=[[4.4941763701650075, -3.5225316818570906, 8.51068904274069, -8.970650027217959, 3.9328509916355223, 8.383990127223043, 2.241666148893046, 5.532682678097689, -0.46424775640727134, -4.288211280465606, -5.506205580565677, -4.742420371448956, 0.36119923031141354, 5.183362831783057, -7.78801814804204, 5.581628542486845]];biases=[2.0452350141931426];activationFunc=Sigmoid}
]
}
NeuralNetwork{
Number_of_neurons: [5,16,16,1]
layers:
[layer0: Layer{weights=[[-8.117247400450049, -4.770259358668254, -8.194831841876045, -4.917952290314274, 3.8002568802855166],[3.752654149947091, -4.6687833641566705, -4.233216427012236, -8.12000737413648, 5.792051771054181],[-0.018190833443350485, -9.07526027447162, 8.790890959622267, 6.062733745634265, -6.3514621693208255],[5.1956931314861095, 1.1296866366542666, -5.017304388711528, 8.828272465216312, -6.530458506446162],[-0.8594064029040744, -4.163680787379082, -6.117345698243167, -9.72772653492621, -6.919890084397262],[9.275018234077315, -1.7898733386567596, 8.528469086356985, -4.777843425566372, 6.214548335470791],[6.68344832041732, 2.2771808255454378, 5.501558542380511, 1.7534743139259117, -8.45533954747998],[-4.132433636823, 3.2475364498025243, 2.986492314437415, 8.374703872806336, -9.885194006607922],[7.9041770701821115, -0.5640819203656822, -8.622402593912426, 7.08051538123571, 8.327241957775676],[-4.973370746054481, -2.3065708125911444, 3.1241048345646583, -6.365616224657651, 2.137839529203731],[5.939771234777439, 4.379238316627031, 1.27381630281352, 0.8171935559757415, 0.20876298666468784],[-4.060063765471876, -9.088455490218525, -0.90887471163893, -9.192152880478172, -3.324386486319659],[-3.7821516475965637, -1.4626032534246942, 1.0196896456674782, 3.1244844152448827, 9.726590883369479],[5.017911189137468, -6.0422960281404725, -1.3614274655060594, 9.60039429912516, -3.944953795851185],[-9.396575921394382, -8.64643775127857, 9.168288937875253, -5.6509608868044525, 2.778661628825631],[-6.58954322631057, -5.02765375375108, -5.574252303564034, 1.8436337263809293, -7.914189475682079]];biases=[5.0533104185720195, -4.963246125867597, -8.94051364521406, -2.6703456692676024, -2.44662603810516, -3.7767378157374214, -1.4851579080926154, -1.153580434426523, -7.468096193596267, -4.215454137850623, 5.04478555821324, -2.5554933010067966, 3.483410443035188, 2.512164674459928, -4.255009697489179, 2.99541888062517];activationFunc=ReLu}
layer1: Layer{weights=[[-6.365268444914303, 6.296132972454853, -8.573049289377945, -0.0672625928742221, 5.110786196046689, -7.449920758528046, -1.3824336835006257, 7.614599999166142, 3.749059875257867, 5.898169787996981, -8.068109169660922, -7.430247055951433, 8.174613453111615, -4.3091228812180145, -4.74998557226421, -1.1467469498977358],[7.80799006981303, 8.520983032951499, -6.785880357178613, -8.946367026947213, 6.320056897894492, -3.315169738904835, 6.161608955828612, 6.09439095171934, -0.31628086006369216, 5.048469287710182, 2.339766747956757, 1.0917155760752717, -5.558781482897186, 1.5670164634821901, 9.251854203949755, 0.9271857616332078],[-5.059278140084382, -5.466916612329187, -4.216545715256588, 9.485097197611566, -7.369796287497509, 3.2429218832087603, 7.767229921409687, 8.117722157893088, 0.5565231172729757, -3.983246302954928, -6.413192605821747, -6.0399721902181085, -9.26231996305515, 7.133632769745134, -1.1314687019367557, -3.048989107451896],[4.390562674134021, -9.723187559306057, -7.061021474068763, 6.02024153720884, -5.359496064065537, 3.821884526610848, -1.9950384720486642, -0.29805196070907414, -6.710589942214769, 1.595566533562378, -5.332591338202084, 1.8517709783391485, 6.323125322432048, 6.368067256881236, -8.799972197882726, 5.513050283190497],[8.469229722586462, -5.330024694890955, 8.21277016523301, 2.5580950449556816, 7.2557227256396715, 2.6913620811559564, -1.6236069245441591, -6.715814224681427, 2.4511499177601443, -2.2834083487224044, 3.7077934044085303, 4.852147284557862, 8.824190371086878, 2.016308210209923, -8.733086226165742, 1.151708291510328],[9.08016233401051, -5.426234243929315, 2.8191915237720835, 4.233856178236941, 3.633771427405023, -9.885179018236059, 9.999874046982232, -2.5408844754185917, -6.261444973961192, 3.395044236258107, -7.673772320506642, -9.97414829771639, -7.954192813091425, 8.668997539135756, 0.38572505818229175, -2.187334782252228],[0.028541888326680365, -5.056743615974259, 5.9324578244709425, -2.53638546510828, -2.92143757327808, -7.854848471569181, 8.096755661141437, 7.245095808972749, 7.928027471420879, -7.274944767676434, -1.4870047674370177, -1.281070512332132, -6.719105937537819, -7.247632793645311, -5.214919049234079, -8.41476555024599],[-1.7982115846153963, -8.219553498840945, -5.293045900518716, 6.765976586251707, 0.1574859826889643, -0.032168466243998495, -2.6171321679922492, 3.9810908074490996, 2.9431002669182362, 4.581586787325879, -9.958104819794592, 5.067533883639076, -5.423492067601945, 2.8487010062792617, -0.1417879174660115, -4.010339788237529],[-6.285350688929143, 8.24964266202156, -2.7893288963337737, -1.537985954691683, -2.4674582350090457, -0.8436346753516659, -0.1381409737460011, -3.6607533429332895, 3.7636695934297375, 0.4650101991132338, 0.179682872918832, 1.9296775469826084, -7.736043585300438, 4.716927602882095, -0.4236484493607584, 1.7161452484269546],[4.251528182669308, -9.680833794339364, 9.5017238390691, -2.0188705143679826, -3.7393599576863483, 6.855964011197518, 0.26108579653161357, -1.4178088014894659, 1.6199071642108152, -7.686245544730879, -5.097031096031042, -3.2672262114301613, -8.782135189581549, -4.789894524663582, 2.0968473847166162, 3.431459812757666],[8.159032246583159, 0.8693279233748434, 3.992722755792414, 1.4347973638471583, 3.5984279775351204, 9.199477231373436, 6.591297401405431, -8.971885766293182, -5.923430030678967, -4.305097917423333, -7.593139216096305, 4.887615551138058, -9.546460070329378, 5.708481737172688, -1.145892884893998, -1.4018673378224573],[-6.257391760995848, -6.237221176240397, -8.676928765046227, 6.416565751866074, -5.334384818610194, -2.515271217131847, 0.5194660186279414, -5.443404766402997, -0.40093753003149146, -0.40948702785722446, 1.263973907844612, 2.273166311591739, -0.35605882657862864, -7.86062491904606, -9.210180113944995, -1.2577510471695241],[-5.221406488603222, -7.034655696207315, 2.0210559820984297, -0.4345023757672415, 3.0356430693830703, -1.828469221294215, -4.6122100692791435, 9.333489870760353, 4.457464074868556, -8.467828593090589, -5.136691114990189, -0.2737622811964684, 2.9120433745574292, 6.207425117155498, 6.331164664475452, 5.59730014200802],[-5.381186656163908, -6.247360445000423, -1.9017730101653196, -4.522569790909905, -1.3886135623562819, 2.941084190439039, -8.465153023930165, -8.250912869510643, -0.16290701155525866, 6.774737450534214, 2.2917268907969124, -3.2605909206229704, -6.172114632733106, 4.29394325117056, 2.690743673917307, 5.883752950033234],[8.72582614042274, -7.043150161887322, 3.8795139195789297, 4.308809151594559, 7.897214919977749, 3.7441986569192167, -8.656438521454303, 8.94943872152546, 0.34842799433532434, 6.380014398708745, -9.391492784655702, 7.323788503089233, -4.395719681649572, 1.579428010621168, 7.838197103982473, -8.396928873684928],[4.375414822201609, -8.871451723905457, -9.157227963873098, 0.997631022827683, 0.3654307212650103, -0.618252602385267, 2.1397138123457573, -5.3072358532153725, -1.7519516283108452, 0.8032924762225306, -0.10287209004542675, 6.467561207319456, -1.3693656874594424, 3.5556539335724224, 0.20441885999299636, 1.7121120727872672]];biases=[1.9297073635130282, -0.32193108565961737, 0.03413916019177421, -0.12775876150995025, 9.905468184177842, -9.83109500874403, 0.7339887873192641, 0.6341682780808693, -2.006395444069719, -7.721983443014562, 9.942034534391219, -1.842067342042089, -8.199173401061024, -2.9193217718415987, -2.5925869869094065, 5.180855987390753];activationFunc=ReLu}
layer2: Layer{weights=[[4.4941763701650075, -3.5225316818570906, 8.51068904274069, -8.970650027217959, -2.994742887738422, 8.383990127223043, 2.241666148893046, 5.532682678097689, -0.8420511750712105, -4.288211280465606, -5.506205580565677, 2.2282498512373117, 0.36119923031141354, 0.2558791744443667, -7.78801814804204, 5.581628542486845]];biases=[2.0452350141931426];activationFunc=Sigmoid}
]
}
NeuralNetwork{
Number_of_neurons: [5,16,16,1]
layers:
[layer0: Layer{weights=[[3.6991773989689705, -4.770259358668254, -8.194831841876045, -4.917952290314274, 3.8002568802855166],[3.752654149947091, -4.6687833641566705, -4.233216427012236, -2.978505123984778, 5.792051771054181],[-0.018190833443350485, -9.07526027447162, 3.7444449248960012, 6.062733745634265, -6.3514621693208255],[5.1956931314861095, 1.1296866366542666, -5.017304388711528, 8.828272465216312, -6.530458506446162],[-0.8594064029040744, -8.207780135146223, -6.117345698243167, -9.72772653492621, -6.919890084397262],[9.275018234077315, -7.441002719715055, 8.528469086356985, -4.777843425566372, 6.214548335470791],[6.68344832041732, 4.763045417088932, 5.501558542380511, 1.7534743139259117, -8.45533954747998],[-4.132433636823, 3.2475364498025243, 2.986492314437415, 8.374703872806336, -9.885194006607922],[7.9041770701821115, 9.642905690374533, -8.622402593912426, 7.4401724784888685, 8.327241957775676],[-4.973370746054481, -2.3065708125911444, 3.1241048345646583, -6.365616224657651, 2.137839529203731],[5.939771234777439, 4.379238316627031, 1.27381630281352, 0.8171935559757415, 0.20876298666468784],[-4.060063765471876, -9.088455490218525, -0.90887471163893, -9.192152880478172, -3.324386486319659],[-3.7821516475965637, -1.4626032534246942, 1.0196896456674782, -5.23599972276463, 9.726590883369479],[5.017911189137468, -6.0422960281404725, -1.3614274655060594, 9.60039429912516, -3.944953795851185],[-9.396575921394382, 4.6953829978501, 9.168288937875253, -5.6509608868044525, 2.778661628825631],[-6.58954322631057, -5.02765375375108, -5.574252303564034, 3.5789456080882225, -7.914189475682079]];biases=[5.0533104185720195, -4.963246125867597, -8.94051364521406, -2.6703456692676024, -2.44662603810516, -3.7767378157374214, 6.630458181660167, -1.153580434426523, -7.468096193596267, -4.215454137850623, -7.915033485083491, -2.5554933010067966, 3.483410443035188, 2.512164674459928, -4.255009697489179, 2.99541888062517];activationFunc=ReLu}
layer1: Layer{weights=[[-6.365268444914303, 6.296132972454853, -8.573049289377945, -0.0672625928742221, 5.110786196046689, -7.449920758528046, 2.4831529990503824, 7.614599999166142, 3.749059875257867, 1.137235819242914, -8.068109169660922, -7.430247055951433, 8.174613453111615, -4.3091228812180145, -4.74998557226421, -1.1467469498977358],[7.80799006981303, 8.520983032951499, -6.785880357178613, -8.946367026947213, 6.320056897894492, 1.9776495465628976, 6.161608955828612, 6.09439095171934, -0.31628086006369216, 5.048469287710182, 2.339766747956757, 1.0917155760752717, -5.558781482897186, 1.5670164634821901, 9.251854203949755, 0.9271857616332078],[3.8610929469706576, -5.466916612329187, -4.216545715256588, 9.485097197611566, -7.369796287497509, 2.7125138049834625, 7.767229921409687, -2.241736650598318, 0.5565231172729757, -3.983246302954928, -6.413192605821747, -6.0399721902181085, -9.26231996305515, 7.133632769745134, -1.1314687019367557, -3.048989107451896],[9.270069169229888, -9.723187559306057, -7.061021474068763, 7.985866004812934, -5.359496064065537, 3.821884526610848, 5.656907133740194, -0.29805196070907414, -6.710589942214769, 1.595566533562378, -5.332591338202084, 1.0320754473068394, -6.6922528409286475, 6.368067256881236, -8.799972197882726, 5.513050283190497],[8.469229722586462, -5.330024694890955, 6.70243305903827, 2.5580950449556816, 7.2557227256396715, 2.6913620811559564, -1.6236069245441591, -6.715814224681427, 2.4511499177601443, -2.2834083487224044, 3.7077934044085303, 4.852147284557862, 8.824190371086878, 2.016308210209923, 9.247225954116104, 1.151708291510328],[9.08016233401051, -5.426234243929315, 2.8191915237720835, 4.233856178236941, 3.633771427405023, -9.885179018236059, 9.999874046982232, -0.24023563992387054, -6.261444973961192, 3.395044236258107, 2.619209453068896, -9.97414829771639, -7.954192813091425, 8.668997539135756, 0.38572505818229175, -3.416235294116971],[0.028541888326680365, 3.305223868671037, 5.9324578244709425, -2.53638546510828, -2.92143757327808, -7.854848471569181, 8.096755661141437, 7.245095808972749, 7.928027471420879, -7.274944767676434, -1.4870047674370177, -1.281070512332132, -6.719105937537819, -7.247632793645311, -5.214919049234079, -8.41476555024599],[-1.7982115846153963, -8.219553498840945, -5.293045900518716, 6.765976586251707, 0.1574859826889643, -0.032168466243998495, -2.6171321679922492, 3.2804464855333926, 2.9431002669182362, 4.581586787325879, 7.362362973533845, -4.364606751806754, -5.423492067601945, 2.8487010062792617, -0.1417879174660115, -4.010339788237529],[4.059655574641832, 8.24964266202156, -2.7893288963337737, -1.537985954691683, 4.7000211977265955, -0.8436346753516659, -0.1381409737460011, -3.6607533429332895, 3.7636695934297375, 0.4650101991132338, 0.179682872918832, 1.9296775469826084, -7.736043585300438, 4.716927602882095, -0.4236484493607584, 1.7161452484269546],[4.251528182669308, -9.680833794339364, 9.5017238390691, -2.0188705143679826, -3.7393599576863483, 6.855964011197518, 0.26108579653161357, -1.4178088014894659, 1.6199071642108152, -7.686245544730879, -5.097031096031042, -3.2672262114301613, -8.782135189581549, -4.789894524663582, 2.0968473847166162, 3.431459812757666],[-3.57349008953062, 0.8693279233748434, 3.992722755792414, 1.4347973638471583, 3.5984279775351204, 9.199477231373436, -1.2192658458053511, -6.21607453842739, -5.923430030678967, -4.305097917423333, -7.593139216096305, 4.887615551138058, -9.546460070329378, 5.708481737172688, -1.145892884893998, -1.4018673378224573],[-3.8717708066257934, 0.3342104042413041, -8.676928765046227, -6.080158069866393, -5.334384818610194, -2.515271217131847, 0.5194660186279414, -5.443404766402997, -0.40093753003149146, -0.40948702785722446, 1.263973907844612, 2.273166311591739, -0.35605882657862864, -7.86062491904606, -9.210180113944995, -1.2577510471695241],[-5.221406488603222, 8.365802888838424, 2.0210559820984297, -0.4345023757672415, 3.0356430693830703, -1.828469221294215, -4.6122100692791435, 9.333489870760353, 4.457464074868556, 0.21995022854655844, -5.136691114990189, -0.2737622811964684, 2.9120433745574292, 6.6983076313695875, -1.5901964879050094, 5.59730014200802],[-5.381186656163908, -6.247360445000423, -1.9017730101653196, -4.522569790909905, -1.3886135623562819, -7.444266709417402, -8.465153023930165, -8.250912869510643, -0.16290701155525866, 6.774737450534214, 2.2917268907969124, -6.702893306402653, -6.172114632733106, 4.29394325117056, 2.690743673917307, 5.883752950033234],[8.72582614042274, -7.043150161887322, 3.8795139195789297, 4.308809151594559, 7.897214919977749, 8.497895051583903, -8.656438521454303, 2.963476911174922, 0.34842799433532434, 6.380014398708745, 2.2433592705974625, 7.323788503089233, -4.395719681649572, 7.55447076675885, 7.838197103982473, -8.396928873684928],[4.375414822201609, -8.871451723905457, -7.9209882468598565, 0.997631022827683, 0.3654307212650103, -0.618252602385267, 2.1397138123457573, 3.2592465821689345, -1.7519516283108452, 0.8032924762225306, -0.10287209004542675, 6.467561207319456, -1.3693656874594424, 3.5556539335724224, 0.20441885999299636, 1.7121120727872672]];biases=[1.9297073635130282, 8.71744485816376, 0.03413916019177421, -0.12775876150995025, 9.905468184177842, -6.699703769853011, -2.5773437373783326, 0.6341682780808693, -2.006395444069719, -7.721983443014562, 9.942034534391219, -1.842067342042089, -8.199173401061024, -2.9193217718415987, -2.5925869869094065, 5.180855987390753];activationFunc=ReLu}
layer2: Layer{weights=[[4.4941763701650075, -3.5225316818570906, 8.51068904274069, -8.970650027217959, 3.9328509916355223, 8.383990127223043, -9.706513463473012, 0.46428378522325, -0.46424775640727134, -4.288211280465606, -5.506205580565677, 2.2282498512373117, 0.36119923031141354, 1.1278471930160876, -7.78801814804204, 5.581628542486845]];biases=[2.0452350141931426];activationFunc=Sigmoid}
]
}
NeuralNetwork{
Number_of_neurons: [5,16,16,1]
layers:
[layer0: Layer{weights=[[3.6991773989689705, -4.770259358668254, 5.568475953570985, 9.374220105060878, 3.8002568802855166],[3.752654149947091, -4.6687833641566705, -4.233216427012236, -2.978505123984778, 5.792051771054181],[-1.2575802092003947, -9.07526027447162, 5.575801628353258, 6.062733745634265, -6.3514621693208255],[5.1956931314861095, 1.1296866366542666, -5.017304388711528, 8.828272465216312, -6.67708196926053],[-0.8594064029040744, -8.207780135146223, -6.117345698243167, -9.72772653492621, -9.222198413857958],[9.275018234077315, -1.7898733386567596, 8.528469086356985, -4.777843425566372, 6.214548335470791],[6.68344832041732, 2.2771808255454378, 5.501558542380511, 1.7534743139259117, -8.45533954747998],[-4.132433636823, 3.2475364498025243, 2.986492314437415, 8.374703872806336, -9.885194006607922],[7.9041770701821115, -0.5640819203656822, -8.622402593912426, 7.4401724784888685, 8.327241957775676],[-4.973370746054481, -2.3065708125911444, 3.1241048345646583, -6.365616224657651, 2.137839529203731],[5.939771234777439, 4.379238316627031, 1.27381630281352, 0.8171935559757415, 0.20876298666468784],[-4.060063765471876, -9.088455490218525, -0.90887471163893, -9.192152880478172, -3.324386486319659],[-3.7821516475965637, -1.4626032534246942, 1.0196896456674782, 3.479485468386784, 9.726590883369479],[5.017911189137468, -6.0422960281404725, -1.3614274655060594, 9.60039429912516, -3.944953795851185],[-9.396575921394382, 4.6953829978501, 9.168288937875253, -5.6509608868044525, 2.778661628825631],[-6.58954322631057, -5.02765375375108, -7.1836050847908, 3.5789456080882225, -7.914189475682079]];biases=[5.0533104185720195, -4.963246125867597, -8.94051364521406, -2.6703456692676024, -2.44662603810516, -3.7767378157374214, 3.016606498118211, -1.153580434426523, -0.1959816111776682, -4.215454137850623, 5.04478555821324, -2.5554933010067966, 3.483410443035188, 2.512164674459928, 1.714076503438882, 2.99541888062517];activationFunc=ReLu}
layer1: Layer{weights=[[-6.365268444914303, -7.762499541157684, -8.573049289377945, -0.0672625928742221, 5.110786196046689, -7.449920758528046, -1.3824336835006257, 3.0213243631111926, 3.749059875257867, 5.898169787996981, -8.068109169660922, -7.430247055951433, 8.174613453111615, -4.3091228812180145, -4.74998557226421, 4.4714548087967785],[7.80799006981303, 8.520983032951499, -6.785880357178613, 5.218837644346195, 6.320056897894492, -3.315169738904835, 6.161608955828612, 6.09439095171934, -0.31628086006369216, 5.048469287710182, 2.339766747956757, 1.0917155760752717, -5.558781482897186, 1.5670164634821901, 9.251854203949755, 0.9271857616332078],[-5.059278140084382, -5.466916612329187, -4.216545715256588, 7.628101707634368, 9.267280478852548, 3.2429218832087603, 7.767229921409687, 8.117722157893088, 0.5565231172729757, -3.983246302954928, -6.413192605821747, -6.0399721902181085, -9.26231996305515, 7.133632769745134, -2.89534873092083, -3.048989107451896],[9.270069169229888, -9.723187559306057, -7.061021474068763, -9.750624422498305, -4.255493360697036, 3.821884526610848, -1.9950384720486642, 4.574086222847928, 5.86253254150623, 1.595566533562378, -5.332591338202084, 1.8517709783391485, 6.323125322432048, 6.368067256881236, -8.799972197882726, 5.513050283190497],[8.469229722586462, -5.330024694890955, 8.21277016523301, 2.5580950449556816, 7.2557227256396715, 6.412098343919581, -1.6236069245441591, -6.715814224681427, 2.4511499177601443, -2.2834083487224044, 3.7077934044085303, 4.852147284557862, 8.824190371086878, 2.016308210209923, 5.19243824013628, 1.151708291510328],[9.08016233401051, -5.426234243929315, 2.8191915237720835, 4.233856178236941, 3.633771427405023, -9.885179018236059, 9.999874046982232, -0.24023563992387054, 3.2352772463975406, 3.395044236258107, 2.619209453068896, -9.97414829771639, -7.954192813091425, 8.668997539135756, 0.38572505818229175, -3.416235294116971],[0.028541888326680365, -5.056743615974259, 5.9324578244709425, -2.53638546510828, -2.92143757327808, -7.854848471569181, 8.096755661141437, 7.245095808972749, 3.162839331770682, -7.274944767676434, 8.394293415891195, -1.281070512332132, 9.361880636893332, -7.247632793645311, -5.214919049234079, -8.41476555024599],[-1.7982115846153963, -8.219553498840945, -5.293045900518716, 6.765976586251707, 8.910402534496058, -0.032168466243998495, -2.6171321679922492, 3.9810908074490996, 2.9431002669182362, 4.581586787325879, -9.958104819794592, -4.364606751806754, -5.423492067601945, 2.8487010062792617, -5.3844678849493715, -4.010339788237529],[4.059655574641832, -8.366926467212503, -2.7893288963337737, 0.6126378033557511, -2.4674582350090457, -9.49458841317291, -0.1381409737460011, -3.6607533429332895, 3.7636695934297375, 0.4650101991132338, 0.179682872918832, 1.9296775469826084, -7.736043585300438, 4.716927602882095, -0.4236484493607584, -8.608194769138205],[4.251528182669308, -9.680833794339364, 9.5017238390691, -2.0188705143679826, -3.7393599576863483, 6.855964011197518, 0.26108579653161357, -1.4178088014894659, 1.6199071642108152, -7.686245544730879, -5.097031096031042, -3.2672262114301613, -8.782135189581549, -4.789894524663582, -9.818308684126578, 3.431459812757666],[1.783378075309141, 0.8693279233748434, 3.992722755792414, -5.6467514213537084, 3.5984279775351204, 9.199477231373436, 6.591297401405431, -8.971885766293182, -8.677580028342346, -4.305097917423333, -7.593139216096305, 4.887615551138058, -9.546460070329378, 5.708481737172688, -1.145892884893998, -1.4018673378224573],[-3.8717708066257934, 0.3342104042413041, -8.676928765046227, 6.416565751866074, -5.334384818610194, -2.515271217131847, 0.5194660186279414, -5.443404766402997, -0.40093753003149146, -0.40948702785722446, 1.263973907844612, 2.273166311591739, -0.35605882657862864, -7.86062491904606, -9.210180113944995, -1.2577510471695241],[-5.221406488603222, 8.365802888838424, 2.0210559820984297, -0.4345023757672415, 3.0356430693830703, -1.828469221294215, -4.6122100692791435, 9.333489870760353, 4.645804454043624, -8.467828593090589, -5.136691114990189, -0.2737622811964684, -2.244154087508252, 6.6983076313695875, 6.331164664475452, 5.59730014200802],[-5.381186656163908, -6.247360445000423, -1.9017730101653196, -4.522569790909905, -1.3886135623562819, 2.941084190439039, -8.465153023930165, -8.250912869510643, -0.16290701155525866, 6.774737450534214, 2.2917268907969124, -6.702893306402653, -6.172114632733106, 4.29394325117056, 2.690743673917307, 5.883752950033234],[8.72582614042274, -7.043150161887322, 3.8795139195789297, 4.308809151594559, 7.897214919977749, 8.497895051583903, -8.656438521454303, 2.963476911174922, 0.34842799433532434, 6.380014398708745, -9.391492784655702, 7.323788503089233, -4.395719681649572, 1.579428010621168, 7.838197103982473, -8.396928873684928],[4.375414822201609, -8.871451723905457, -9.157227963873098, 0.997631022827683, 1.609506575105522, -0.618252602385267, 5.462681001597495, -5.3072358532153725, -1.7750935738567755, 0.8032924762225306, -0.10287209004542675, 6.467561207319456, 2.014533688243798, 3.5556539335724224, 0.20441885999299636, 3.4922126340476716]];biases=[1.9297073635130282, -0.32193108565961737, 5.0912340721286835, -7.728469845157006, 9.905468184177842, 0.7043719567224933, 0.7339887873192641, 0.6341682780808693, -2.006395444069719, -2.0827028891970834, 9.942034534391219, -1.842067342042089, -0.012626626612080472, -2.9193217718415987, -2.5925869869094065, 5.180855987390753];activationFunc=ReLu}
layer2: Layer{weights=[[4.4941763701650075, -3.5225316818570906, 8.51068904274069, -8.970650027217959, 3.9328509916355223, -0.7160137599139844, 2.241666148893046, 5.532682678097689, -0.46424775640727134, -4.288211280465606, -5.506205580565677, 2.2282498512373117, 0.36119923031141354, 1.3326307247838791, -7.78801814804204, 5.581628542486845]];biases=[2.0452350141931426];activationFunc=Sigmoid}
]
}
NeuralNetwork{
Number_of_neurons: [5,16,16,1]
layers:
[layer0: Layer{weights=[[3.6991773989689705, -4.770259358668254, -8.194831841876045, -4.917952290314274, -9.349427959834273],[3.752654149947091, -4.6687833641566705, -4.233216427012236, -2.978505123984778, 5.792051771054181],[-0.018190833443350485, -9.07526027447162, -9.512757926304964, 6.062733745634265, -6.3514621693208255],[5.1956931314861095, 1.1296866366542666, -5.017304388711528, 8.828272465216312, -6.530458506446162],[-0.8594064029040744, -8.207780135146223, -6.117345698243167, -9.72772653492621, -6.919890084397262],[9.275018234077315, -1.7898733386567596, 6.461830607734566, -4.777843425566372, 6.214548335470791],[6.68344832041732, 2.2771808255454378, 5.501558542380511, 3.1340209203395286, -8.45533954747998],[-4.132433636823, 3.2475364498025243, 2.986492314437415, 8.374703872806336, -9.885194006607922],[7.9041770701821115, -0.5640819203656822, -8.622402593912426, 7.4401724784888685, 8.327241957775676],[-4.973370746054481, -2.3065708125911444, 3.1241048345646583, -6.365616224657651, 2.137839529203731],[5.939771234777439, 4.379238316627031, -3.7489766145998065, 0.8171935559757415, -2.061574381734035],[-4.060063765471876, 1.8925485896856227, -0.90887471163893, -9.192152880478172, -3.324386486319659],[-3.7821516475965637, -1.4626032534246942, 1.0196896456674782, 3.479485468386784, 9.726590883369479],[5.017911189137468, -6.0422960281404725, -1.3614274655060594, -2.5804664896179785, -3.944953795851185],[-9.396575921394382, 4.6953829978501, 9.168288937875253, -5.6509608868044525, 2.778661628825631],[-6.58954322631057, -5.02765375375108, -5.574252303564034, 3.5789456080882225, -7.914189475682079]];biases=[5.0533104185720195, -4.963246125867597, -8.94051364521406, -2.6703456692676024, -2.44662603810516, -3.7767378157374214, -1.4851579080926154, -1.153580434426523, -7.468096193596267, -4.215454137850623, 5.04478555821324, -2.5554933010067966, 3.483410443035188, 2.512164674459928, -4.255009697489179, 2.99541888062517];activationFunc=ReLu}
layer1: Layer{weights=[[-6.365268444914303, 6.296132972454853, -8.573049289377945, 4.34185001590604, 5.110786196046689, -7.449920758528046, -1.3824336835006257, 7.614599999166142, 3.749059875257867, 5.898169787996981, -8.068109169660922, -7.430247055951433, 8.174613453111615, -4.3091228812180145, -4.74998557226421, -1.1467469498977358],[7.80799006981303, 8.520983032951499, 6.902221634197019, 7.908724787173963, 6.320056897894492, -3.315169738904835, 6.161608955828612, 6.09439095171934, -0.31628086006369216, 5.048469287710182, 2.339766747956757, 1.0917155760752717, -5.558781482897186, 1.5670164634821901, 9.251854203949755, 0.9271857616332078],[-5.059278140084382, -5.466916612329187, -4.216545715256588, 9.485097197611566, -7.369796287497509, -0.8875884731540395, 7.767229921409687, 8.117722157893088, 0.5565231172729757, -3.983246302954928, -6.413192605821747, -6.0399721902181085, -9.26231996305515, 7.133632769745134, -1.1314687019367557, -3.048989107451896],[9.270069169229888, -9.723187559306057, -7.061021474068763, 4.273984764563078, -5.359496064065537, 3.821884526610848, -1.9950384720486642, -0.29805196070907414, -6.710589942214769, 1.595566533562378, -5.332591338202084, 1.8517709783391485, 6.323125322432048, 6.677916809346623, -8.799972197882726, 3.0117787370161686],[8.469229722586462, -5.330024694890955, 8.21277016523301, 2.5580950449556816, 7.2557227256396715, 2.6913620811559564, -1.6236069245441591, -6.715814224681427, 2.4511499177601443, -2.2834083487224044, 3.7077934044085303, 4.852147284557862, 8.824190371086878, 2.016308210209923, -8.733086226165742, 1.151708291510328],[9.08016233401051, -5.426234243929315, 2.8191915237720835, 4.233856178236941, 3.633771427405023, -9.885179018236059, 9.999874046982232, -0.24023563992387054, -6.261444973961192, 3.395044236258107, 2.619209453068896, -9.97414829771639, -7.954192813091425, 8.668997539135756, 0.38572505818229175, -3.416235294116971],[0.028541888326680365, -5.056743615974259, 5.9324578244709425, -2.53638546510828, -2.92143757327808, -7.854848471569181, 8.096755661141437, 7.245095808972749, 7.928027471420879, -7.274944767676434, -1.4870047674370177, -1.281070512332132, -6.719105937537819, -7.247632793645311, -5.214919049234079, -8.41476555024599],[-1.7982115846153963, -8.219553498840945, -5.293045900518716, 6.765976586251707, 0.1574859826889643, -0.032168466243998495, -2.6171321679922492, 3.9810908074490996, 8.431056965145988, 4.581586787325879, -9.958104819794592, -4.364606751806754, -5.423492067601945, 2.8487010062792617, -0.1417879174660115, -4.010339788237529],[4.059655574641832, 8.24964266202156, -2.7893288963337737, -1.537985954691683, -2.4674582350090457, -0.8436346753516659, -0.1381409737460011, -3.6607533429332895, 3.7636695934297375, 0.4650101991132338, 0.179682872918832, 1.9296775469826084, -7.736043585300438, 4.716927602882095, -0.4236484493607584, 1.7161452484269546],[4.251528182669308, -9.680833794339364, 9.5017238390691, -2.0188705143679826, -3.7393599576863483, 6.855964011197518, 0.26108579653161357, 9.299162711038715, -1.4694514302755124, -7.686245544730879, -5.097031096031042, -3.2672262114301613, -8.782135189581549, -4.789894524663582, 2.0968473847166162, 3.431459812757666],[8.159032246583159, 0.8693279233748434, 3.992722755792414, 1.4347973638471583, 3.5984279775351204, 0.393295976291439, 6.591297401405431, -8.971885766293182, -5.923430030678967, -4.305097917423333, -7.593139216096305, 4.887615551138058, -9.546460070329378, 5.708481737172688, -1.145892884893998, -1.4018673378224573],[-3.8717708066257934, 0.3342104042413041, -8.676928765046227, 6.416565751866074, -5.334384818610194, -2.515271217131847, 0.5194660186279414, 6.979768366086784, -0.40093753003149146, -0.40948702785722446, 1.263973907844612, -2.7702320107221396, -0.35605882657862864, -7.86062491904606, -9.210180113944995, -1.2577510471695241],[-5.221406488603222, 8.365802888838424, 2.0210559820984297, -0.4345023757672415, 7.147801314265163, -1.828469221294215, -4.6122100692791435, 9.333489870760353, 4.457464074868556, -8.467828593090589, -5.136691114990189, -0.2737622811964684, 2.9120433745574292, -5.6862559714746785, 6.331164664475452, 5.59730014200802],[-5.381186656163908, -6.247360445000423, -1.9017730101653196, -4.522569790909905, -1.3886135623562819, 3.762223165824114, -8.465153023930165, -8.250912869510643, -0.16290701155525866, 6.774737450534214, -7.337095120693922, -6.702893306402653, -6.172114632733106, 4.29394325117056, 2.690743673917307, -1.5133154478262938],[8.72582614042274, -7.043150161887322, 2.951490022796765, 4.308809151594559, 7.897214919977749, 8.497895051583903, -8.656438521454303, 2.963476911174922, 0.34842799433532434, 6.380014398708745, -9.391492784655702, 7.323788503089233, -5.4800439323167875, 1.579428010621168, 7.838197103982473, -8.396928873684928],[4.375414822201609, -8.871451723905457, -9.157227963873098, 0.997631022827683, 0.3654307212650103, -0.618252602385267, 2.1397138123457573, -5.3072358532153725, -1.7519516283108452, 0.8032924762225306, -0.10287209004542675, 6.467561207319456, -1.3693656874594424, -8.694764546844507, 0.20441885999299636, 1.7121120727872672]];biases=[6.098230553769255, -0.32193108565961737, 0.03413916019177421, -0.12775876150995025, 9.905468184177842, 0.7043719567224933, 0.7339887873192641, 0.6341682780808693, -2.006395444069719, -7.721983443014562, 9.942034534391219, -1.842067342042089, -8.199173401061024, -2.9193217718415987, -0.50552748654707, 5.180855987390753];activationFunc=ReLu}
layer2: Layer{weights=[[4.4941763701650075, -3.5225316818570906, 8.51068904274069, -8.970650027217959, 3.9328509916355223, 8.383990127223043, 2.241666148893046, 5.532682678097689, -0.46424775640727134, 7.50173808463239, -5.506205580565677, 2.2282498512373117, 0.36119923031141354, 5.183362831783057, -7.78801814804204, 5.581628542486845]];biases=[2.0452350141931426];activationFunc=Sigmoid}
]
}