x= 290.0
generationNumber= 11
bestScore= 1162587
radius= 12.0
maxPipeX= 1060.0
floorY= 540.0
mutationChance= 0.1
max_bias= 10.0
min_bias= -10.0
max_weight= 10.0
min_weight= -10.0
NeuralNetwork{
Number_of_neurons: [5,16,16,1]
layers:
[layer0: Layer{weights=[[2.8767076159919096, -3.9584141111051707, 7.7646714147926374, -7.836906681949499, 8.475700048370346],[3.255538799357698, -6.70252533300741, -2.801465351216123, -7.172661605590191, 3.050321647844264],[7.730987490454972, -6.777327770559709, 3.7444449248960012, -1.6743884457532445, -4.391099213388793],[-0.15519601810271233, -3.26389322539508, 7.605170014098277, -6.01548183034776, 6.581497956024851],[-0.8594064029040744, 6.339165842457973, -3.3368474073287153, 5.674737719583092, -6.919890084397262],[6.1192622321879995, -6.56870645432212, 2.5252222123853727, -2.538508835806022, 7.377944319195848],[4.492500220620318, 1.827536930436855, -5.083438496777335, -9.69265621093359, -5.956088002023123],[-3.007201406415998, 1.6170925560178553, 0.3521931642574927, 6.638298486879794, 2.6061660235903172],[-8.194969905320145, 6.26448613499387, 2.194169463576369, -9.807364748752045, -8.951220453644408],[-7.907151735547277, -2.8902063867059624, -6.046783433040497, -1.4164092525811274, -3.4147792726043154],[5.939771234777439, -7.967685049091688, -5.688960216670975, 6.336542499505725, -1.3400758490240872],[4.521258198991749, 6.254647669336862, 5.398129354913845, -3.271359523321884, -3.324386486319659],[5.695448225197058, 1.4738958652083838, 4.325246647217522, -7.685301174991615, 5.9706678159978726],[0.6180695526009572, -6.0422960281404725, 8.376022606175123, -1.1544168866278675, 3.5596246537129197],[-8.97979687402971, 0.2531655099179897, 4.816505080897937, -8.0200244228522, 5.603541427479694],[-8.934451604758387, -0.7496888127824448, 9.271190903115947, 2.8689717616092807, 2.284206267153497]];biases=[3.3194165812780803, -4.763772343273374, 9.595376957309892, 1.1119373561234003, -6.9192281892037055, 0.8323284511777871, 8.862404661751128, -1.153580434426523, 0.24233442737101996, -4.258667675771301, 7.777342582922248, 6.581275095978164, 3.483410443035188, 7.602707344141855, 9.39509167941485, 2.99541888062517];activationFunc=ReLu}
layer1: Layer{weights=[[-2.2940053726701155, -1.4844926857959813, 6.133477230190671, -3.0754224218957393, 4.68638790966458, 5.46659921732671, -8.403174468239872, 8.420204694611925, -9.993319988044915, -9.966009378286056, -8.068109169660922, -1.9500129370397428, 7.347752397564491, 5.431610700865704, -9.781898339290994, -4.301064781578066],[5.316288751650717, 4.304096004584503, -9.562533490589765, -8.946367026947213, 4.038355592506456, 0.8646887166818296, 6.161608955828612, 9.036532398964482, -5.785199824299401, 2.285181916059038, -9.958774444205908, -3.909121473183273, 8.966007141813819, 9.225840796059178, 4.773270564083296, -3.8477544361819938],[-3.3379718163536225, -1.9171624244236192, -9.160937361758156, -0.5231375506276699, -9.073212439076627, -1.511678103225627, 6.612149219095972, 8.36881707954451, -7.039798435973941, 4.35215732949553, -1.1280750263925992, -6.397376522133369, -9.26231996305515, 1.9389901637654638, -8.381809341957688, 0.37677263496111735],[9.270069169229888, -7.271817379319199, -6.533882847121695, -9.274910894529313, 5.741809314135001, -9.82043588819244, 7.045414239618417, 3.5396663629067966, -7.831046178123771, -3.025597725366551, -9.376454715915196, 1.9976894214814518, 0.4375521180761126, -3.8579604491665016, 2.3604427915957356, 5.513050283190497],[-8.171730340750901, 4.049331793963226, -5.179749713310904, -8.549064707940596, 7.721214123495301, 9.457996446806135, -8.577044098886194, 1.399098808680126, -0.009175899303297541, -7.267771905072902, 9.2270784084, 4.469890096954197, -1.13382814519996, -5.3974574105407775, 6.009882402596254, -4.366294362431924],[1.300484269767896, 5.475634188239978, 0.20973322684390716, 1.1062827730548097, -9.36900532751845, -3.687058328085109, 3.4576334704538993, 3.674413281397637, 4.3739226488556415, 3.395044236258107, 3.9439061944278198, 1.0370490893053805, 3.4372411883675564, 8.222745845521018, 7.126177097200596, 8.442967574040718],[-2.652115012867567, 6.565322075182348, -5.673624803516519, 7.360571381804231, 0.0279839078855062, -2.921593459528715, -5.910531953032024, 3.5952268902011024, 0.11427250922962706, -3.8212207200411807, -1.4870047674370177, -1.8241080525380777, 1.2616825866667547, 4.586767429003498, -1.837972692198111, -9.801329179655403],[5.032430612950073, 9.325271619568362, -9.672881723133433, 0.646823245239931, 4.137944473530448, -6.0552371543018735, 8.218289250440932, -1.4592052089307543, 0.8329662278140404, -0.5133269060649468, -3.652384935489441, 9.941545350112552, -7.7555340802026755, 0.13960558103982557, -8.940884732709973, 1.5444925419090403],[-3.594858853977046, -0.5835535545750297, -5.426106691289585, -4.2818976256971375, 6.146402239364079, -1.8801546659682327, 4.0248968531442735, 0.9776142974524777, 8.102516973412918, -0.4947976901343374, 3.68277459933571, -8.71677241267941, -2.5167056055695554, 8.432469152114262, -2.076602089510418, 3.0849093764376754],[2.3235112689009014, -7.559050449108429, -8.232345860535123, 2.7936720856744373, 7.90632476186336, -1.395758258139253, 7.663980429679146, -1.1396296176632337, -7.52910974110817, -4.1247665089022245, -6.051000493070364, -5.777954602821504, 3.7535535214901756, -5.888903905031295, -6.502426742900164, 4.603824980525641],[-3.2521451511288486, 8.075646423680244, -5.421057612581186, -2.0145505972604187, -0.5345230012218156, 9.932337613775651, -2.5649944349522436, -6.6435860704906835, -2.9177881954784617, -4.353337639054356, 3.584443878923773, -0.5237545350063542, -2.405908523102685, 7.336194067050872, 4.746691262547444, -6.910480666081098],[9.64014550042323, 9.650342866872247, -0.7428088219410824, 7.322267966075323, 7.629402856860079, 3.4689015531592045, 8.885096262503438, -5.843673100906715, 9.320729187656045, -3.4394338977972216, 8.887407393703366, -6.740257259085729, 9.135670823203967, 2.339832862383833, 9.515617911194479, 0.7032499414106219],[7.1092137223927985, 8.43236921432052, 6.899384290288097, 2.3881177515772283, -0.5849820545026834, 4.103700128559154, -2.1921545053428293, 9.333489870760353, 4.772843014356011, 5.087960338852927, 0.6755670574981778, 5.232970737816968, -6.515368546678815, -4.840185454424011, -1.8193058350503826, -0.7227258541514043],[9.301710508139656, 0.4020775306090041, 4.42264445799313, -4.0911047871619655, -1.1595079669162658, 5.7095999427734885, 3.902232091396435, 0.7959909936431924, -8.3326366229105, -7.79179976517179, -8.210971227909312, 6.5637424705995215, 3.2079485162368666, 4.363854154681315, 8.489234598145977, -6.9632619851509165],[-2.2243508836604997, -8.155459205176996, 7.449468342870759, -7.953666818006091, 2.158017708210041, 5.131428304614769, -8.656438521454303, -6.896211577622189, -4.234092539332743, 1.291887550259263, -5.49982856923971, 2.636671246497432, 2.007029911785212, 6.234383584557797, -8.731994068526419, 6.084955114419618],[1.1457213128789494, 8.82901185695389, 2.0635507144384206, 9.345692170162092, 5.990108718512255, -0.618252602385267, 8.42837471104168, -6.675000868547032, -5.1194705708235455, -7.231250618228911, 3.3147417062475597, 2.875988443733428, -0.9222202925097971, 0.7639659013890849, -6.120678350731106, -1.6463490443381374]];biases=[1.9297073635130282, -9.388017815526394, 7.992115484529023, -2.879488547941394, -0.024155616475846742, 5.332079184002094, 5.243241963048051, -0.5872903000693501, 2.6763407600314775, 1.1907824498750266, -2.978822125125138, 7.966672302432407, 5.978905442598922, -9.59922306820389, -4.118161831129006, 6.908651925398395];activationFunc=ReLu}
layer2: Layer{weights=[[9.634878746892038, -3.855806608466872, -6.5342931276224565, 9.370147794368282, 9.136658786509042, -6.885888034601253, -8.035218428564605, 6.2827843942456525, -2.623013267067112, -0.5898239657007327, -3.5395814607493525, -6.175080433541766, 8.287302342839926, -4.249632832142112, 2.0735299624092924, 5.581628542486845]];biases=[-8.738435268876918];activationFunc=Sigmoid}
]
}
NeuralNetwork{
Number_of_neurons: [5,16,16,1]
layers:
[layer0: Layer{weights=[[-2.6232686142076016, -3.9584141111051707, 7.7646714147926374, -7.836906681949499, 8.475700048370346],[3.255538799357698, -6.70252533300741, 5.060300737686362, 9.683085073596253, 8.562726256088602],[7.730987490454972, -6.777327770559709, 3.156809191317933, -1.6743884457532445, -4.391099213388793],[1.0860697106429402, -3.26389322539508, 7.605170014098277, -6.01548183034776, 6.581497956024851],[-0.8594064029040744, 6.339165842457973, -3.3368474073287153, 5.674737719583092, -6.919890084397262],[-5.358759852924317, -6.56870645432212, -8.218411506993784, -2.538508835806022, 7.377944319195848],[4.492500220620318, 1.827536930436855, -5.083438496777335, -9.69265621093359, -5.956088002023123],[-3.007201406415998, 1.6170925560178553, 0.3521931642574927, 6.638298486879794, 2.6061660235903172],[-8.194969905320145, 6.26448613499387, 8.430495069240166, -9.807364748752045, -8.951220453644408],[-2.332828378728033, -2.8902063867059624, -6.046783433040497, 7.561318233457815, -3.4147792726043154],[5.939771234777439, -4.964744885307876, -5.688960216670975, 6.336542499505725, -1.3400758490240872],[4.521258198991749, -0.15717654817818527, 5.398129354913845, -3.271359523321884, -3.324386486319659],[5.695448225197058, 1.4738958652083838, 4.325246647217522, 4.280301494909924, 5.9706678159978726],[0.6180695526009572, -6.0422960281404725, 3.6642183434745412, -1.1544168866278675, 3.5596246537129197],[-8.97979687402971, 0.2531655099179897, 4.816505080897937, 7.394139142278256, 5.603541427479694],[-8.934451604758387, -0.7496888127824448, -4.462049955320094, 2.8689717616092807, 2.284206267153497]];biases=[3.3194165812780803, -4.763772343273374, 3.5484000436248877, 1.1119373561234003, -6.9192281892037055, 0.8323284511777871, 8.862404661751128, -1.153580434426523, 0.998001597196696, 2.946260997360204, 7.777342582922248, 6.581275095978164, 3.483410443035188, 7.602707344141855, 4.1896985318349085, 2.99541888062517];activationFunc=ReLu}
layer1: Layer{weights=[[-2.2940053726701155, -1.4844926857959813, 6.133477230190671, -3.0754224218957393, 4.68638790966458, 5.46659921732671, -8.403174468239872, 8.420204694611925, -9.993319988044915, -9.966009378286056, -8.068109169660922, -1.9500129370397428, 7.347752397564491, 5.431610700865704, -9.781898339290994, -4.301064781578066],[-0.005909390040596207, 4.304096004584503, -9.562533490589765, -8.946367026947213, 4.038355592506456, -8.609775075074815, 6.161608955828612, 9.036532398964482, 9.82713484626283, 2.285181916059038, 0.7940944272940325, -3.909121473183273, 8.966007141813819, -8.51114375343457, 4.773270564083296, -3.8477544361819938],[-3.3379718163536225, -1.9171624244236192, -9.160937361758156, -0.5231375506276699, -9.073212439076627, 3.523998987284809, 6.612149219095972, 1.6523583092199097, -7.039798435973941, 4.35215732949553, 1.1526754600337377, -6.397376522133369, -9.26231996305515, 1.9389901637654638, -7.7518941631476235, 0.37677263496111735],[9.270069169229888, -2.9558409222076705, -6.533882847121695, -0.20634708128230095, 5.741809314135001, -9.82043588819244, 7.045414239618417, 3.5396663629067966, -7.831046178123771, -3.025597725366551, -9.376454715915196, 1.9976894214814518, 0.4375521180761126, -3.8579604491665016, 2.3604427915957356, -9.59918131341344],[-8.171730340750901, 4.049331793963226, -5.179749713310904, 9.167491040501432, 7.721214123495301, 9.457996446806135, -4.52688003002125, -7.385467827091976, -0.009175899303297541, -6.103769751301639, 9.2270784084, 4.469890096954197, -0.46599670939113125, -5.3974574105407775, 6.009882402596254, -4.366294362431924],[-5.582922976105724, 5.475634188239978, 0.20973322684390716, 1.1062827730548097, -9.36900532751845, -3.687058328085109, 3.4576334704538993, 3.674413281397637, 6.750114339101366, 3.395044236258107, 3.9439061944278198, -6.292403208637179, 3.4372411883675564, -9.875402514244396, 7.126177097200596, 8.442967574040718],[-2.652115012867567, 6.565322075182348, 4.428907016666015, 3.168507427630953, 0.9071674968189747, 4.3165950716880275, 6.60261247241726, -9.796171854243491, 0.11427250922962706, -3.8212207200411807, -1.4870047674370177, -1.8241080525380777, 1.2616825866667547, 4.586767429003498, -1.837972692198111, -9.313207437184982],[5.032430612950073, -7.312129594211514, -9.672881723133433, 0.646823245239931, 6.0467946506188, -6.0552371543018735, 8.218289250440932, -1.4592052089307543, 0.8329662278140404, -0.5133269060649468, -3.652384935489441, 9.941545350112552, -7.7555340802026755, 0.13960558103982557, -8.940884732709973, 1.5444925419090403],[9.910493985301756, -8.113902154731075, -5.426106691289585, -0.42453136722414797, 6.146402239364079, -7.07491002936893, 4.0248968531442735, 0.9776142974524777, 8.102516973412918, -0.4947976901343374, 0.9796813836229639, -8.71677241267941, -2.5167056055695554, 8.432469152114262, -2.076602089510418, 3.0849093764376754],[2.3235112689009014, -7.559050449108429, -8.232345860535123, 2.7936720856744373, 7.90632476186336, -1.395758258139253, 1.5867059595039805, -1.1396296176632337, -7.52910974110817, -7.686245544730879, -6.051000493070364, -5.777954602821504, 3.7535535214901756, 1.138441064729978, -6.502426742900164, 4.603824980525641],[-3.2521451511288486, 8.075646423680244, 4.205716995028503, -2.0145505972604187, -7.587888848358009, 9.932337613775651, 2.6195134604923958, -6.6435860704906835, -2.9177881954784617, -4.353337639054356, 3.584443878923773, -0.5237545350063542, -2.405908523102685, 7.336194067050872, 4.746691262547444, -6.910480666081098],[9.64014550042323, 9.650342866872247, -0.26753983189271935, 7.447039001131273, 7.629402856860079, 3.4689015531592045, 8.885096262503438, -4.679335093525172, 9.320729187656045, -3.4394338977972216, 8.887407393703366, -6.740257259085729, 9.135670823203967, 2.339832862383833, 9.515617911194479, -3.9752090984839956],[4.633629405635487, 8.43236921432052, 6.899384290288097, 2.3881177515772283, -0.5849820545026834, -9.191002113188258, -2.1921545053428293, 9.333489870760353, 4.772843014356011, 5.087960338852927, 0.6755670574981778, 5.232970737816968, -6.515368546678815, -4.840185454424011, -1.8193058350503826, -0.7227258541514043],[9.301710508139656, 1.0295571389024758, 4.42264445799313, 7.465086296111444, -3.1871070465275064, 5.7095999427734885, 3.902232091396435, 0.7959909936431924, -8.3326366229105, -7.79179976517179, -8.210971227909312, 6.5637424705995215, 3.2079485162368666, -6.820110758086488, 8.489234598145977, 2.4836363453318313],[-2.2243508836604997, -8.155459205176996, 7.449468342870759, -7.953666818006091, 2.158017708210041, -6.208664237834953, -8.656438521454303, -6.896211577622189, -4.234092539332743, 1.291887550259263, -5.49982856923971, 2.636671246497432, 2.007029911785212, 6.234383584557797, -8.731994068526419, 6.084955114419618],[1.1457213128789494, 8.82901185695389, 2.0635507144384206, 2.5886078771673766, 5.990108718512255, -0.618252602385267, 8.42837471104168, -6.675000868547032, -5.1194705708235455, -7.231250618228911, 3.3147417062475597, 2.875988443733428, -0.9222202925097971, 2.808184917410019, -6.120678350731106, -1.6463490443381374]];biases=[1.9297073635130282, -9.388017815526394, 7.992115484529023, -2.879488547941394, -0.024155616475846742, 5.332079184002094, -7.976981888740065, -0.5872903000693501, 2.6763407600314775, 1.1907824498750266, -2.978822125125138, 7.966672302432407, 5.978905442598922, -9.59922306820389, -4.118161831129006, 6.908651925398395];activationFunc=ReLu}
layer2: Layer{weights=[[9.634878746892038, 1.4465632989507675, -3.5621373291830487, 9.370147794368282, -1.7295718130281674, -6.885888034601253, -8.035218428564605, 6.2827843942456525, -2.623013267067112, -0.5898239657007327, -3.5395814607493525, -6.175080433541766, 8.287302342839926, -4.249632832142112, 6.7609902966799105, 5.581628542486845]];biases=[-8.738435268876918];activationFunc=Sigmoid}
]
}
NeuralNetwork{
Number_of_neurons: [5,16,16,1]
layers:
[layer0: Layer{weights=[[-2.6232686142076016, -3.9584141111051707, 7.7646714147926374, -7.836906681949499, 8.475700048370346],[3.255538799357698, -6.70252533300741, -2.801465351216123, -7.172661605590191, 8.562726256088602],[7.730987490454972, -6.777327770559709, -0.1854427621531478, 2.202484664774911, -4.391099213388793],[1.0860697106429402, -3.26389322539508, 7.605170014098277, -6.01548183034776, 6.581497956024851],[-0.8594064029040744, 6.339165842457973, -3.3368474073287153, -6.938592759685065, -6.919890084397262],[6.1192622321879995, -6.56870645432212, -8.218411506993784, -2.538508835806022, 7.377944319195848],[4.492500220620318, 1.827536930436855, -5.083438496777335, -9.69265621093359, -5.956088002023123],[-3.007201406415998, 1.6170925560178553, 0.3521931642574927, 6.638298486879794, 2.6061660235903172],[-8.194969905320145, 6.26448613499387, 2.194169463576369, -9.807364748752045, -8.951220453644408],[-2.332828378728033, -2.8902063867059624, -6.046783433040497, -1.4164092525811274, -3.4147792726043154],[5.939771234777439, -7.967685049091688, -5.688960216670975, 6.336542499505725, -1.3400758490240872],[4.521258198991749, 6.254647669336862, 5.398129354913845, -3.271359523321884, -3.324386486319659],[5.695448225197058, 1.4738958652083838, 4.325246647217522, 4.280301494909924, 5.9706678159978726],[0.6180695526009572, -6.0422960281404725, 3.6642183434745412, -1.1544168866278675, 3.5596246537129197],[-8.97979687402971, 0.2531655099179897, -2.854265144301749, 7.394139142278256, 5.603541427479694],[-8.934451604758387, -0.7496888127824448, -4.462049955320094, 2.8689717616092807, 2.284206267153497]];biases=[-2.329678793141561, -4.763772343273374, 9.930279537348706, 1.1119373561234003, -6.9192281892037055, 8.348675262579967, 8.862404661751128, -1.153580434426523, 0.998001597196696, -4.258667675771301, 7.777342582922248, 6.581275095978164, 3.483410443035188, 7.602707344141855, 4.1896985318349085, 2.99541888062517];activationFunc=ReLu}
layer1: Layer{weights=[[-2.2940053726701155, -1.4844926857959813, 6.133477230190671, -3.0754224218957393, 4.68638790966458, 5.46659921732671, -8.403174468239872, 8.420204694611925, -9.993319988044915, -9.966009378286056, -8.068109169660922, -7.718917725547358, 7.347752397564491, 5.431610700865704, -9.781898339290994, -4.301064781578066],[5.316288751650717, 4.304096004584503, -9.562533490589765, -8.946367026947213, 4.038355592506456, 0.8646887166818296, 6.161608955828612, 9.036532398964482, 9.82713484626283, 2.285181916059038, -9.958774444205908, -3.909121473183273, 8.966007141813819, -8.51114375343457, 4.773270564083296, -3.8477544361819938],[-3.3379718163536225, -1.9171624244236192, -9.160937361758156, -0.5231375506276699, -9.073212439076627, -1.511678103225627, 6.612149219095972, 1.6523583092199097, -7.039798435973941, 4.35215732949553, 1.1526754600337377, -6.397376522133369, 0.2132767158525084, 1.9389901637654638, -8.381809341957688, 0.37677263496111735],[9.270069169229888, -7.271817379319199, -6.533882847121695, -9.274910894529313, 4.992071823306816, -9.82043588819244, 7.045414239618417, 3.5396663629067966, 4.375914350050431, -3.025597725366551, -9.376454715915196, 1.2350769472335124, 0.4375521180761126, -3.8579604491665016, 2.3604427915957356, 5.513050283190497],[-8.171730340750901, 4.049331793963226, -5.179749713310904, -8.549064707940596, 8.565283912838225, 9.457996446806135, -8.577044098886194, 1.399098808680126, -0.009175899303297541, -6.103769751301639, 9.2270784084, 4.469890096954197, -1.13382814519996, -5.3974574105407775, 6.009882402596254, 8.378645592263329],[-5.582922976105724, 5.475634188239978, 0.20973322684390716, 1.1062827730548097, -9.36900532751845, 5.262396383151511, 3.4576334704538993, 3.674413281397637, 6.750114339101366, 3.395044236258107, 3.9439061944278198, 1.0370490893053805, 3.4372411883675564, 8.222745845521018, 7.126177097200596, 8.442967574040718],[-2.652115012867567, 6.565322075182348, -5.673624803516519, 3.168507427630953, 0.0279839078855062, -2.921593459528715, 6.60261247241726, -6.0891587113437184, 0.11427250922962706, -3.8212207200411807, -1.4870047674370177, -1.8241080525380777, 1.2616825866667547, 4.586767429003498, -1.837972692198111, -7.467929713797547],[5.032430612950073, 9.325271619568362, -9.672881723133433, 0.646823245239931, 6.0467946506188, 6.8878920170120566, 8.218289250440932, -1.4592052089307543, 0.8329662278140404, -0.5133269060649468, -3.652384935489441, 9.941545350112552, -7.7555340802026755, -7.699338224816579, -8.940884732709973, 1.5444925419090403],[-3.594858853977046, -8.113902154731075, -5.426106691289585, -4.2818976256971375, 6.146402239364079, -1.8801546659682327, 4.0248968531442735, 0.9776142974524777, 8.102516973412918, -0.4947976901343374, 3.68277459933571, -8.71677241267941, -2.5167056055695554, 8.432469152114262, -2.076602089510418, 3.0849093764376754],[-9.694874064386003, -0.554298543694669, -8.232345860535123, 9.477688574885654, 7.90632476186336, -1.395758258139253, 7.663980429679146, -1.1396296176632337, -7.52910974110817, -7.686245544730879, -6.051000493070364, -7.957967068106841, 4.886189165455914, 1.138441064729978, -6.502426742900164, 4.603824980525641],[-3.2521451511288486, 8.075646423680244, 4.205716995028503, -2.0145505972604187, -7.587888848358009, 8.65523556184445, -2.5649944349522436, 9.880549557687303, -6.702775625668178, -4.353337639054356, 3.584443878923773, -0.5237545350063542, -2.405908523102685, 7.336194067050872, 4.746691262547444, -6.910480666081098],[9.64014550042323, 9.650342866872247, -0.7428088219410824, 7.447039001131273, 7.629402856860079, 3.4689015531592045, 8.885096262503438, -4.679335093525172, 9.320729187656045, -3.4394338977972216, 8.887407393703366, -6.740257259085729, 9.135670823203967, 2.339832862383833, 9.515617911194479, -3.9752090984839956],[4.633629405635487, 8.43236921432052, 6.899384290288097, 2.3881177515772283, -0.5849820545026834, -9.191002113188258, -2.1921545053428293, 9.333489870760353, 4.772843014356011, 5.087960338852927, 0.6755670574981778, 5.232970737816968, -6.515368546678815, -4.840185454424011, -1.8193058350503826, -0.7227258541514043],[9.301710508139656, 0.4020775306090041, 4.42264445799313, 0.8967796287503216, -1.1595079669162658, 5.7095999427734885, 3.902232091396435, 0.7959909936431924, -8.3326366229105, -7.79179976517179, -8.210971227909312, 6.5637424705995215, -0.1105941830468975, -6.820110758086488, -6.599669276097866, 2.4836363453318313],[-2.2243508836604997, -8.155459205176996, 7.449468342870759, -7.953666818006091, 2.158017708210041, -6.208664237834953, -8.656438521454303, -6.896211577622189, -4.234092539332743, 1.291887550259263, -5.49982856923971, 2.636671246497432, 2.007029911785212, 6.234383584557797, -8.731994068526419, 6.084955114419618],[1.1457213128789494, 8.82901185695389, 2.0635507144384206, 2.5886078771673766, 5.667008483313328, -0.618252602385267, 8.42837471104168, -6.675000868547032, -5.1194705708235455, -7.231250618228911, 3.3147417062475597, 2.875988443733428, 9.310153573666994, 0.7639659013890849, -6.120678350731106, -1.6463490443381374]];biases=[1.9297073635130282, -9.388017815526394, 7.992115484529023, -2.879488547941394, -0.024155616475846742, 5.332079184002094, -7.976981888740065, -0.5872903000693501, 2.6763407600314775, 1.1907824498750266, -2.978822125125138, 7.966672302432407, 5.978905442598922, -9.59922306820389, -4.118161831129006, 7.4951483858880295];activationFunc=ReLu}
layer2: Layer{weights=[[9.634878746892038, -3.855806608466872, -3.5621373291830487, 9.370147794368282, -1.7295718130281674, -6.885888034601253, -8.035218428564605, 6.2827843942456525, -2.623013267067112, -0.5898239657007327, -3.5395814607493525, -6.175080433541766, 8.287302342839926, -4.249632832142112, 2.0735299624092924, 5.581628542486845]];biases=[-8.738435268876918];activationFunc=Sigmoid}
]
}
NeuralNetwork{
Number_of_neurons: [5,16,16,1]
layers:
[layer0: Layer{weights=[[-0.31863939417676335, -3.9584141111051707, 7.7646714147926374, -7.836906681949499, -2.3912810887425344],[3.255538799357698, 2.8413582594017583, -2.801465351216123, -7.172661605590191, 8.562726256088602],[-0.30754682042723047, -6.777327770559709, 3.7444449248960012, -1.6743884457532445, -4.391099213388793],[1.0860697106429402, -3.26389322539508, 7.605170014098277, -6.01548183034776, 6.581497956024851],[-0.8594064029040744, 6.339165842457973, -3.3368474073287153, 5.674737719583092, -6.919890084397262],[6.1192622321879995, -6.56870645432212, -0.3979896709515671, -2.538508835806022, 7.377944319195848],[4.492500220620318, 1.827536930436855, -5.083438496777335, -9.69265621093359, -5.956088002023123],[-3.007201406415998, 1.6170925560178553, 0.3521931642574927, 6.638298486879794, 2.6061660235903172],[-8.194969905320145, -2.1419183020910815, 2.194169463576369, 8.07934068544931, -8.951220453644408],[-2.332828378728033, -5.889130022737234, -6.046783433040497, -1.4164092525811274, -3.4147792726043154],[5.939771234777439, -7.967685049091688, -5.688960216670975, 6.336542499505725, -1.422820949003336],[4.521258198991749, 6.254647669336862, 5.398129354913845, -3.271359523321884, -3.324386486319659],[5.695448225197058, 1.4738958652083838, 4.325246647217522, 4.280301494909924, 5.9706678159978726],[0.6180695526009572, 5.167341124187539, 3.6642183434745412, -1.1544168866278675, 3.5596246537129197],[-8.97979687402971, 0.2531655099179897, 4.816505080897937, 7.394139142278256, 5.603541427479694],[-8.934451604758387, -0.7496888127824448, -4.462049955320094, 2.8689717616092807, 2.284206267153497]];biases=[3.3194165812780803, -4.763772343273374, 3.5484000436248877, 1.1119373561234003, -6.9192281892037055, 0.8323284511777871, 8.862404661751128, -1.153580434426523, 0.998001597196696, -4.258667675771301, 7.777342582922248, -6.678387884163568, 3.483410443035188, 7.602707344141855, 4.1896985318349085, 2.99541888062517];activationFunc=ReLu}
layer1: Layer{weights=[[-2.2940053726701155, -1.4844926857959813, 6.133477230190671, -3.0754224218957393, 4.68638790966458, 5.46659921732671, -9.176339941127631, 8.420204694611925, -9.993319988044915, -9.966009378286056, -8.068109169660922, -1.9500129370397428, 7.347752397564491, 5.431610700865704, -9.781898339290994, -4.301064781578066],[5.316288751650717, 4.304096004584503, -9.562533490589765, -8.946367026947213, 4.038355592506456, 0.8646887166818296, 6.161608955828612, 9.036532398964482, 9.82713484626283, 2.285181916059038, -9.958774444205908, -3.909121473183273, 8.966007141813819, -8.51114375343457, 4.773270564083296, -3.8477544361819938],[-3.3379718163536225, -1.9171624244236192, -9.160937361758156, -3.887687615112416, -4.856048618326652, -1.511678103225627, 6.612149219095972, 1.6523583092199097, -7.039798435973941, -3.4349552833283443, 1.1526754600337377, -6.397376522133369, -9.26231996305515, 1.9389901637654638, -8.381809341957688, 0.37677263496111735],[9.270069169229888, -7.271817379319199, -6.533882847121695, -9.274910894529313, 5.741809314135001, -9.82043588819244, 7.045414239618417, -8.812076247515447, -7.831046178123771, -3.025597725366551, -6.43880541599275, 1.9976894214814518, -1.155001861856526, -3.8579604491665016, 2.3604427915957356, 3.8587267175778095],[-8.171730340750901, 4.049331793963226, -5.179749713310904, -8.549064707940596, 7.721214123495301, 9.457996446806135, -8.577044098886194, 1.399098808680126, -0.009175899303297541, -6.103769751301639, 9.2270784084, 4.469890096954197, -1.13382814519996, -5.3974574105407775, 1.2468017889482788, -4.366294362431924],[-5.582922976105724, 5.475634188239978, 0.20973322684390716, 0.7919520037738117, -9.36900532751845, -3.687058328085109, 3.4576334704538993, 3.674413281397637, 6.750114339101366, 3.395044236258107, 3.9439061944278198, 1.0370490893053805, 3.4372411883675564, 8.222745845521018, 7.126177097200596, 8.442967574040718],[-2.652115012867567, 6.565322075182348, -5.673624803516519, 3.168507427630953, 0.0279839078855062, -2.921593459528715, 6.60261247241726, -6.0891587113437184, 0.11427250922962706, -6.742313651033378, -1.4870047674370177, -1.8241080525380777, 1.763990005598897, 4.586767429003498, -1.837972692198111, -9.801329179655403],[5.032430612950073, 9.325271619568362, -9.672881723133433, 0.646823245239931, 6.0467946506188, -3.0394132213932634, 8.218289250440932, -1.601490094708769, 0.8329662278140404, -0.5133269060649468, -3.652384935489441, 9.941545350112552, -7.7555340802026755, 0.13960558103982557, -8.940884732709973, 1.5444925419090403],[4.714394501770174, -8.113902154731075, -5.426106691289585, -4.2818976256971375, 6.146402239364079, -1.8801546659682327, 4.0248968531442735, 0.9776142974524777, 8.102516973412918, -0.4947976901343374, 3.68277459933571, -8.71677241267941, -8.102866233620995, 8.432469152114262, -2.076602089510418, 5.64086387988481],[2.3235112689009014, 1.9146795366894303, -8.232345860535123, 2.7936720856744373, 7.90632476186336, -1.395758258139253, 7.663980429679146, -1.1396296176632337, -7.52910974110817, -7.686245544730879, -6.051000493070364, -5.777954602821504, 4.673689727512123, 1.138441064729978, -6.502426742900164, 4.603824980525641],[-3.2521451511288486, 8.075646423680244, 4.205716995028503, -2.0145505972604187, -7.587888848358009, 9.932337613775651, 5.574043798472966, -6.6435860704906835, -2.9177881954784617, 8.098994423657846, 3.584443878923773, 7.187687600747317, -2.405908523102685, 7.336194067050872, 8.439103018693462, -6.910480666081098],[9.64014550042323, 9.650342866872247, -0.7428088219410824, 7.447039001131273, -1.274873769444687, 3.4689015531592045, 8.885096262503438, -4.679335093525172, -1.8867947467357205, -3.4394338977972216, 8.887407393703366, -6.740257259085729, 9.135670823203967, 2.339832862383833, 9.515617911194479, 1.1134207711655755],[4.633629405635487, 8.43236921432052, 6.899384290288097, 2.3881177515772283, 8.788869676392853, -9.191002113188258, -2.1921545053428293, 9.333489870760353, 4.772843014356011, 5.087960338852927, 0.6755670574981778, 5.232970737816968, 8.89949088964218, -6.367064626353407, -1.8193058350503826, -0.7227258541514043],[-2.160305121793642, 0.4020775306090041, 4.42264445799313, 0.8967796287503216, -1.1595079669162658, 5.7095999427734885, 3.902232091396435, 0.7959909936431924, -8.3326366229105, -7.79179976517179, -8.210971227909312, 6.5637424705995215, 3.2079485162368666, -6.820110758086488, 8.489234598145977, 2.4836363453318313],[-2.2243508836604997, -8.155459205176996, 7.449468342870759, -7.953666818006091, 2.158017708210041, -0.15897887392175747, -8.656438521454303, -6.896211577622189, -4.234092539332743, 1.291887550259263, -5.49982856923971, 2.636671246497432, 2.007029911785212, 9.211237316878577, -8.731994068526419, 6.084955114419618],[1.1457213128789494, 8.82901185695389, 2.0635507144384206, 2.5886078771673766, 9.750420024084459, -0.618252602385267, 8.42837471104168, -6.675000868547032, -5.1194705708235455, -7.231250618228911, 3.3147417062475597, 2.875988443733428, -0.9222202925097971, 0.7639659013890849, -6.120678350731106, -1.6463490443381374]];biases=[1.9297073635130282, -9.388017815526394, 9.496499635243364, -2.879488547941394, -0.024155616475846742, 5.332079184002094, -7.976981888740065, -0.5872903000693501, 2.6763407600314775, 1.1907824498750266, -2.978822125125138, 7.966672302432407, 5.978905442598922, -9.59922306820389, -5.688973472706076, -0.8282369322796548];activationFunc=ReLu}
layer2: Layer{weights=[[9.634878746892038, -3.855806608466872, -3.5621373291830487, 9.370147794368282, -1.7295718130281674, -6.885888034601253, -8.035218428564605, 9.367282138421597, -2.623013267067112, -0.5898239657007327, -3.5395814607493525, -6.175080433541766, 1.4403404851191421, -4.249632832142112, -6.62349255367231, 5.581628542486845]];biases=[-8.738435268876918];activationFunc=Sigmoid}
]
}
NeuralNetwork{
Number_of_neurons: [5,16,16,1]
layers:
[layer0: Layer{weights=[[-2.6232686142076016, -3.9584141111051707, 7.7646714147926374, -7.836906681949499, 8.475700048370346],[3.255538799357698, -6.70252533300741, -2.801465351216123, -7.172661605590191, 8.562726256088602],[7.730987490454972, -6.777327770559709, 3.7444449248960012, -4.231601147497848, -4.391099213388793],[1.0860697106429402, -2.789406372186127, 7.605170014098277, -6.01548183034776, 6.581497956024851],[-9.65518179726239, 6.339165842457973, -3.3368474073287153, 7.477726066689222, -6.919890084397262],[6.1192622321879995, -6.56870645432212, -8.218411506993784, -2.538508835806022, 7.377944319195848],[4.492500220620318, 1.827536930436855, -5.083438496777335, -9.69265621093359, -5.956088002023123],[-3.007201406415998, 1.6170925560178553, 0.3521931642574927, 6.638298486879794, 2.6061660235903172],[-8.194969905320145, 6.26448613499387, 2.194169463576369, -9.807364748752045, -8.951220453644408],[-2.332828378728033, -2.8902063867059624, -6.046783433040497, -1.4164092525811274, -3.4147792726043154],[5.939771234777439, -7.967685049091688, -5.688960216670975, 6.336542499505725, -1.3400758490240872],[4.521258198991749, 6.254647669336862, 5.398129354913845, -3.271359523321884, -3.324386486319659],[5.695448225197058, 1.4738958652083838, 4.325246647217522, 1.305459739750006, 5.9706678159978726],[4.665117527581398, -6.0422960281404725, 3.6642183434745412, -1.1544168866278675, 3.5596246537129197],[-8.97979687402971, 0.2531655099179897, 4.816505080897937, 7.394139142278256, -6.604513201603524],[-8.934451604758387, -0.7496888127824448, -4.462049955320094, 2.8689717616092807, 2.284206267153497]];biases=[3.3194165812780803, -4.763772343273374, 6.65954558452594, 1.1119373561234003, -6.9192281892037055, 0.8323284511777871, 8.862404661751128, -1.153580434426523, 0.998001597196696, -4.258667675771301, 7.777342582922248, 6.581275095978164, 3.483410443035188, 7.602707344141855, 4.1896985318349085, 6.589006573338811];activationFunc=ReLu}
layer1: Layer{weights=[[-2.2940053726701155, -1.4844926857959813, 6.133477230190671, -3.0754224218957393, 4.68638790966458, 5.46659921732671, -8.403174468239872, -1.9636766293234675, -9.993319988044915, -9.966009378286056, 5.238376630776321, -1.9500129370397428, 7.347752397564491, 4.067807485084886, -9.781898339290994, -9.338224058306244],[5.316288751650717, 4.304096004584503, -5.577257849644608, -8.946367026947213, 4.038355592506456, -9.909216218483506, 6.161608955828612, 9.036532398964482, 9.82713484626283, 2.285181916059038, -9.958774444205908, -3.909121473183273, 8.966007141813819, -8.51114375343457, 4.773270564083296, -3.8477544361819938],[-3.3379718163536225, -1.9171624244236192, -9.160937361758156, -0.5231375506276699, -9.073212439076627, -1.511678103225627, 6.612149219095972, 1.6523583092199097, -7.039798435973941, 4.35215732949553, 1.1526754600337377, -6.397376522133369, -9.26231996305515, 1.9389901637654638, -8.381809341957688, 0.37677263496111735],[9.270069169229888, -7.271817379319199, -6.533882847121695, -9.274910894529313, -6.009433304892317, -9.82043588819244, -7.7186998730898075, 3.5396663629067966, -7.831046178123771, -3.025597725366551, -9.376454715915196, 1.9976894214814518, 0.4375521180761126, -3.8579604491665016, 2.3604427915957356, 5.513050283190497],[-8.171730340750901, 4.049331793963226, -5.179749713310904, -8.549064707940596, 7.721214123495301, 9.457996446806135, -8.577044098886194, -5.927682861130887, -0.009175899303297541, -6.103769751301639, 9.2270784084, 4.469890096954197, -1.13382814519996, -5.3974574105407775, 6.009882402596254, -4.366294362431924],[-5.582922976105724, 5.475634188239978, 0.20973322684390716, 1.1062827730548097, -9.36900532751845, -3.687058328085109, 3.4576334704538993, 3.674413281397637, 6.750114339101366, 3.395044236258107, 3.9439061944278198, 1.0370490893053805, 3.4372411883675564, -1.2144559167267222, -4.133359783915342, 8.442967574040718],[-2.652115012867567, -8.04786896229971, -5.673624803516519, 3.168507427630953, 0.0279839078855062, -2.921593459528715, 6.60261247241726, -6.0891587113437184, 0.11427250922962706, 4.910298184801391, -1.4870047674370177, -1.8241080525380777, 1.2616825866667547, 4.586767429003498, -1.837972692198111, -9.801329179655403],[5.032430612950073, 9.325271619568362, -9.672881723133433, 0.646823245239931, 6.0467946506188, -6.0552371543018735, 8.218289250440932, -1.4592052089307543, 0.8329662278140404, -0.5133269060649468, -3.652384935489441, 9.941545350112552, -7.7555340802026755, 0.13960558103982557, -8.940884732709973, 1.5444925419090403],[-3.594858853977046, -8.113902154731075, -5.426106691289585, -4.2818976256971375, 6.146402239364079, -1.8801546659682327, 4.0248968531442735, 0.9776142974524777, 8.102516973412918, -0.4947976901343374, 3.68277459933571, -8.71677241267941, -2.5167056055695554, 8.432469152114262, -2.076602089510418, 3.0849093764376754],[2.3235112689009014, -7.559050449108429, -8.232345860535123, 2.7936720856744373, 7.90632476186336, -1.395758258139253, 7.663980429679146, -1.1396296176632337, -7.52910974110817, -7.686245544730879, -6.051000493070364, -5.777954602821504, 3.7535535214901756, 1.138441064729978, -6.502426742900164, 4.603824980525641],[-3.2521451511288486, 8.075646423680244, 4.205716995028503, -2.0145505972604187, -7.587888848358009, 9.932337613775651, -2.5649944349522436, -6.6435860704906835, -2.9177881954784617, -4.353337639054356, 3.584443878923773, -0.5237545350063542, -2.405908523102685, 0.5325436025400201, -9.954438130519392, -6.910480666081098],[9.64014550042323, 9.650342866872247, -0.7428088219410824, 7.447039001131273, 7.629402856860079, 3.4689015531592045, 8.885096262503438, -4.679335093525172, 9.320729187656045, -3.4394338977972216, 8.887407393703366, -6.740257259085729, 9.135670823203967, 2.339832862383833, 9.515617911194479, -3.9752090984839956],[4.633629405635487, -5.53917665433463, 6.899384290288097, 2.3881177515772283, -0.5849820545026834, -9.191002113188258, -2.1921545053428293, 2.284022319297719, 4.772843014356011, 5.087960338852927, 0.6755670574981778, 5.232970737816968, -6.515368546678815, -4.840185454424011, -1.8193058350503826, -5.041808503634324],[9.301710508139656, -5.31237331495481, 4.42264445799313, 0.8967796287503216, -1.1595079669162658, 5.7095999427734885, 3.902232091396435, 0.7959909936431924, -8.3326366229105, -7.79179976517179, 8.874139587211374, 6.5637424705995215, -0.8826085944526021, -6.820110758086488, 8.489234598145977, 2.4836363453318313],[-2.2243508836604997, -8.155459205176996, 7.449468342870759, -7.953666818006091, 2.158017708210041, -6.81568395467125, -8.656438521454303, -6.896211577622189, -4.234092539332743, 1.4172412201020137, -5.49982856923971, 2.636671246497432, 2.007029911785212, 6.234383584557797, -8.731994068526419, 6.084955114419618],[1.1457213128789494, 8.82901185695389, 2.0635507144384206, 2.5886078771673766, 5.990108718512255, -0.618252602385267, 8.42837471104168, -6.675000868547032, -5.1194705708235455, -7.231250618228911, 3.3147417062475597, 2.875988443733428, -0.9222202925097971, 0.7639659013890849, -6.120678350731106, -1.6463490443381374]];biases=[1.9297073635130282, -9.388017815526394, 7.992115484529023, -2.879488547941394, -3.199864047603729, 5.332079184002094, -7.976981888740065, -0.5872903000693501, 2.6763407600314775, 1.1907824498750266, -2.978822125125138, 7.966672302432407, 3.2335084380902117, -9.59922306820389, -4.118161831129006, 6.908651925398395];activationFunc=ReLu}
layer2: Layer{weights=[[9.634878746892038, -3.855806608466872, -3.5621373291830487, 9.370147794368282, -1.7295718130281674, -6.885888034601253, -8.035218428564605, 6.2827843942456525, -2.623013267067112, -0.5898239657007327, -3.5395814607493525, -6.175080433541766, 8.287302342839926, -4.249632832142112, 4.2422558321652275, 5.581628542486845]];biases=[-8.738435268876918];activationFunc=Sigmoid}
]
}
NeuralNetwork{
Number_of_neurons: [5,16,16,1]
layers:
[layer0: Layer{weights=[[-2.6232686142076016, -3.9584141111051707, 7.7646714147926374, -7.836906681949499, 8.475700048370346],[3.255538799357698, -6.70252533300741, -2.801465351216123, -7.172661605590191, 8.562726256088602],[7.730987490454972, -6.777327770559709, 3.7444449248960012, -1.6743884457532445, -4.391099213388793],[1.0860697106429402, -3.26389322539508, 7.605170014098277, -6.01548183034776, 6.581497956024851],[-0.8594064029040744, 6.339165842457973, -3.3368474073287153, 5.674737719583092, -6.919890084397262],[0.8248178524081613, -6.56870645432212, -8.218411506993784, -2.538508835806022, 7.377944319195848],[4.492500220620318, 1.827536930436855, -5.083438496777335, -9.69265621093359, -5.956088002023123],[-3.007201406415998, 1.6170925560178553, 0.3521931642574927, 4.191680110275033, 2.6061660235903172],[-8.194969905320145, 6.26448613499387, 2.194169463576369, -9.807364748752045, -8.951220453644408],[-2.332828378728033, -2.8902063867059624, -6.046783433040497, -1.4164092525811274, -3.4147792726043154],[5.939771234777439, -7.967685049091688, -5.688960216670975, 6.336542499505725, -1.3400758490240872],[4.521258198991749, -0.6306031533371943, 5.398129354913845, -3.271359523321884, -7.492946309951498],[5.695448225197058, 1.4738958652083838, 4.325246647217522, 4.280301494909924, 5.9706678159978726],[0.6180695526009572, -6.0422960281404725, 3.6642183434745412, -1.1544168866278675, 3.5596246537129197],[7.019790920092905, 0.2531655099179897, 4.816505080897937, 7.394139142278256, 5.603541427479694],[-0.31150868685424626, -0.7496888127824448, -4.462049955320094, 2.8689717616092807, -1.6651810900607789]];biases=[3.3194165812780803, -4.763772343273374, 3.5484000436248877, 1.1119373561234003, -6.9192281892037055, -7.425327124688616, 8.862404661751128, -1.153580434426523, 0.998001597196696, -4.258667675771301, 7.777342582922248, 6.581275095978164, 3.483410443035188, 1.6491890326197751, 4.1896985318349085, 2.99541888062517];activationFunc=ReLu}
layer1: Layer{weights=[[-2.2940053726701155, -1.4844926857959813, 6.133477230190671, -5.203792667038494, 4.68638790966458, 5.46659921732671, 1.5155028199573373, 8.420204694611925, -7.682759485336703, -9.966009378286056, 2.577757396894631, -1.9500129370397428, 7.347752397564491, -7.287241234550466, -9.781898339290994, -8.030716179008783],[5.316288751650717, 4.304096004584503, -9.562533490589765, -8.946367026947213, 4.038355592506456, 0.8646887166818296, 6.161608955828612, 9.036532398964482, 9.82713484626283, 2.285181916059038, -7.343913544466787, -3.909121473183273, 8.966007141813819, 4.3505123300509645, 4.773270564083296, -3.8477544361819938],[-3.3379718163536225, -1.9171624244236192, -9.160937361758156, -0.5231375506276699, -9.073212439076627, -1.511678103225627, 6.612149219095972, 1.6523583092199097, -4.718642665884283, 4.35215732949553, -5.3601925103504815, -6.397376522133369, -9.26231996305515, 1.9389901637654638, -8.381809341957688, 0.37677263496111735],[9.270069169229888, -7.271817379319199, -6.533882847121695, -9.274910894529313, 3.0492805140064565, -9.82043588819244, 7.045414239618417, 3.5396663629067966, -7.831046178123771, -3.025597725366551, -9.376454715915196, 1.9976894214814518, 0.4375521180761126, -3.8579604491665016, 2.3604427915957356, 5.513050283190497],[-8.171730340750901, 4.049331793963226, -5.179749713310904, -8.549064707940596, 7.721214123495301, 6.268824222384886, -8.577044098886194, 1.399098808680126, -0.009175899303297541, -6.103769751301639, 9.2270784084, 4.469890096954197, 6.227952003138146, -5.3974574105407775, 6.009882402596254, -2.5830275740586206],[-5.582922976105724, -3.895832288689192, 0.20973322684390716, 1.1062827730548097, -9.36900532751845, -3.687058328085109, 3.4576334704538993, 3.674413281397637, 6.750114339101366, 3.0058929840499093, 3.9439061944278198, 1.0370490893053805, 3.4372411883675564, 8.222745845521018, 7.126177097200596, 5.423733521123237],[-2.652115012867567, 6.565322075182348, -5.673624803516519, 3.168507427630953, 0.0279839078855062, -2.921593459528715, 6.60261247241726, -6.0891587113437184, 0.11427250922962706, -3.8212207200411807, -1.4870047674370177, -1.8241080525380777, 1.2616825866667547, 4.586767429003498, -4.591956171126046, -9.801329179655403],[5.032430612950073, 9.325271619568362, -9.672881723133433, 0.646823245239931, 6.0467946506188, -6.0552371543018735, 8.218289250440932, -1.4592052089307543, 0.8329662278140404, -0.5133269060649468, -3.652384935489441, 9.941545350112552, -7.7555340802026755, 0.13960558103982557, -8.940884732709973, 1.5444925419090403],[-3.594858853977046, -8.113902154731075, -5.426106691289585, -4.2818976256971375, 6.146402239364079, -1.8801546659682327, 4.0248968531442735, 0.9776142974524777, 8.102516973412918, 3.815165535025571, 3.68277459933571, -8.71677241267941, -2.5167056055695554, 8.432469152114262, -2.076602089510418, 3.0849093764376754],[2.3235112689009014, -7.559050449108429, -8.232345860535123, 2.7936720856744373, 7.90632476186336, -1.395758258139253, 7.663980429679146, -1.1396296176632337, -7.52910974110817, -7.686245544730879, -6.051000493070364, -5.777954602821504, 3.7535535214901756, 1.138441064729978, -6.502426742900164, 4.603824980525641],[-3.2521451511288486, 8.075646423680244, 4.205716995028503, -2.0145505972604187, -9.938356385232744, 9.932337613775651, -2.5649944349522436, -6.6435860704906835, -2.9177881954784617, -4.353337639054356, 3.584443878923773, -0.5237545350063542, -2.405908523102685, 7.336194067050872, 4.746691262547444, 7.594158943935874],[9.64014550042323, 9.650342866872247, -0.7428088219410824, 7.447039001131273, 7.629402856860079, 3.4689015531592045, 8.885096262503438, -4.679335093525172, 9.320729187656045, 5.8124866071015635, 8.887407393703366, -6.740257259085729, 9.135670823203967, 1.8906682601746088, 9.515617911194479, -3.9752090984839956],[4.633629405635487, 8.43236921432052, 6.899384290288097, 2.3881177515772283, -0.5849820545026834, -9.191002113188258, 0.24201783806053, 9.333489870760353, 4.772843014356011, 5.087960338852927, 0.6755670574981778, 5.232970737816968, -6.515368546678815, -4.840185454424011, -1.8193058350503826, -0.7227258541514043],[9.301710508139656, 0.4020775306090041, 4.42264445799313, 0.8967796287503216, -1.1595079669162658, 6.990732273054, 3.902232091396435, 0.7959909936431924, 4.81706845415539, -7.79179976517179, -8.210971227909312, 6.5637424705995215, 3.2079485162368666, -6.820110758086488, 8.489234598145977, 2.4836363453318313],[-2.2243508836604997, -8.155459205176996, 7.449468342870759, -7.953666818006091, 2.158017708210041, -6.208664237834953, -8.656438521454303, -6.896211577622189, -4.234092539332743, -9.45695779454456, -5.49982856923971, 2.636671246497432, -9.688758756021699, 6.234383584557797, -8.731994068526419, 6.084955114419618],[1.1457213128789494, 8.82901185695389, 2.0635507144384206, 2.5886078771673766, 5.990108718512255, -0.618252602385267, 8.42837471104168, -6.675000868547032, 8.85085972152811, -7.231250618228911, 3.3147417062475597, 2.875988443733428, -0.9222202925097971, 0.7639659013890849, -3.728004185818776, -1.6463490443381374]];biases=[1.9297073635130282, -9.388017815526394, 7.992115484529023, -2.879488547941394, -0.024155616475846742, 5.332079184002094, -7.976981888740065, -0.5872903000693501, -9.525256330897482, 1.1907824498750266, -2.978822125125138, -4.107735208272505, 5.978905442598922, -9.59922306820389, -4.118161831129006, 6.908651925398395];activationFunc=ReLu}
layer2: Layer{weights=[[9.634878746892038, -3.855806608466872, -3.9914657486557292, 9.370147794368282, -1.7295718130281674, -6.885888034601253, -8.035218428564605, 6.2827843942456525, -2.623013267067112, -0.5898239657007327, 5.871525969935995, -6.175080433541766, 8.287302342839926, -4.249632832142112, 2.0735299624092924, 5.581628542486845]];biases=[6.331241639468267];activationFunc=Sigmoid}
]
}
NeuralNetwork{
Number_of_neurons: [5,16,16,1]
layers:
[layer0: Layer{weights=[[-2.6232686142076016, -3.9584141111051707, 7.7646714147926374, -7.836906681949499, 8.475700048370346],[3.255538799357698, -6.70252533300741, -2.801465351216123, -7.172661605590191, 8.562726256088602],[7.730987490454972, -6.777327770559709, 3.7444449248960012, -1.6743884457532445, -4.391099213388793],[1.0860697106429402, -3.26389322539508, 7.605170014098277, -6.01548183034776, 6.581497956024851],[-0.8594064029040744, 6.339165842457973, -3.3368474073287153, 5.674737719583092, -6.919890084397262],[6.1192622321879995, -6.56870645432212, -8.218411506993784, -2.538508835806022, 7.377944319195848],[-5.631132176922417, 1.827536930436855, -5.083438496777335, -9.69265621093359, -5.956088002023123],[-3.007201406415998, 1.6170925560178553, 0.3521931642574927, 6.638298486879794, 2.6061660235903172],[-8.194969905320145, -3.8369081160384955, 1.311394591151176, 9.127320810288737, -8.951220453644408],[-2.1579285329334645, 3.0861354686673597, -6.046783433040497, -1.4164092525811274, -3.4147792726043154],[3.1551684413294456, -7.967685049091688, 5.050863691589944, 6.336542499505725, -1.3400758490240872],[6.929657879085262, 6.254647669336862, 5.398129354913845, -3.271359523321884, -3.324386486319659],[5.695448225197058, 1.4738958652083838, 4.325246647217522, 4.280301494909924, 5.9706678159978726],[0.6180695526009572, -6.0422960281404725, 3.6642183434745412, -1.1544168866278675, 3.5596246537129197],[-8.97979687402971, 0.2531655099179897, 4.816505080897937, 7.394139142278256, 5.603541427479694],[-8.934451604758387, -0.7496888127824448, -4.462049955320094, 2.8689717616092807, 2.284206267153497]];biases=[3.3194165812780803, -4.763772343273374, 3.5484000436248877, 1.1119373561234003, -5.345878694967867, 0.8323284511777871, 8.862404661751128, -1.153580434426523, 0.998001597196696, 6.062114920342765, -0.6652818436801429, 6.581275095978164, 3.483410443035188, 7.602707344141855, 4.1896985318349085, 2.99541888062517];activationFunc=ReLu}
layer1: Layer{weights=[[-2.2940053726701155, -1.4844926857959813, 6.133477230190671, -3.0754224218957393, 4.68638790966458, 8.069540863138297, -8.403174468239872, 8.420204694611925, -9.993319988044915, -9.966009378286056, -8.068109169660922, -1.9500129370397428, 7.347752397564491, 5.431610700865704, -9.781898339290994, -5.446566603353292],[-2.7665190466519203, 4.304096004584503, -9.562533490589765, -8.946367026947213, 6.3693627789236125, 0.8646887166818296, 3.3884320425633145, 9.036532398964482, 9.82713484626283, -4.264097867170533, -9.958774444205908, -3.909121473183273, 8.966007141813819, -8.51114375343457, 4.773270564083296, -3.8477544361819938],[-3.3379718163536225, -1.9171624244236192, -6.959100034928783, -0.5231375506276699, -9.073212439076627, -1.511678103225627, 6.612149219095972, 1.6523583092199097, -7.039798435973941, 4.35215732949553, 1.1526754600337377, -6.397376522133369, -9.26231996305515, 1.9389901637654638, -8.381809341957688, 0.37677263496111735],[9.270069169229888, -7.271817379319199, -6.533882847121695, -9.274910894529313, 5.741809314135001, -9.82043588819244, 7.045414239618417, 3.5396663629067966, -7.831046178123771, -3.025597725366551, -9.376454715915196, 1.9976894214814518, 0.4375521180761126, -3.8579604491665016, 2.3604427915957356, -3.951634664955039],[-8.171730340750901, 4.049331793963226, -5.179749713310904, -8.549064707940596, 7.721214123495301, 9.457996446806135, -8.577044098886194, 1.399098808680126, -0.009175899303297541, -6.103769751301639, -6.646308311930009, 4.469890096954197, -1.13382814519996, -5.3974574105407775, -0.7434991146245551, -4.366294362431924],[-5.582922976105724, 5.475634188239978, 0.20973322684390716, 1.1062827730548097, -9.36900532751845, -3.687058328085109, 3.4576334704538993, 3.674413281397637, 6.750114339101366, -1.7618767752227722, 3.9439061944278198, 1.0370490893053805, 3.4372411883675564, 8.222745845521018, 7.126177097200596, 8.442967574040718],[-2.652115012867567, 6.565322075182348, -5.673624803516519, 3.168507427630953, -4.214148821770907, -2.921593459528715, 6.60261247241726, -6.0891587113437184, 0.11427250922962706, -3.8212207200411807, -7.0370345941278085, -1.8241080525380777, 1.2616825866667547, 4.586767429003498, -1.837972692198111, -9.801329179655403],[5.032430612950073, 9.325271619568362, -9.672881723133433, 0.646823245239931, 6.0467946506188, -6.0552371543018735, 8.218289250440932, -1.9463519012162642, 0.8329662278140404, -0.5133269060649468, -3.652384935489441, 9.941545350112552, -7.7555340802026755, 0.13960558103982557, -8.940884732709973, 1.5444925419090403],[-3.594858853977046, -8.113902154731075, -5.426106691289585, -4.609118101883205, 6.146402239364079, -1.8801546659682327, 4.0248968531442735, 0.9776142974524777, 8.102516973412918, -0.4947976901343374, 3.68277459933571, -8.71677241267941, -2.5923139154810944, 8.432469152114262, -2.076602089510418, 3.0849093764376754],[2.3235112689009014, -7.559050449108429, -8.363995279968897, 2.7936720856744373, -9.910469359663992, -1.395758258139253, 7.663980429679146, -1.1396296176632337, -7.52910974110817, -7.686245544730879, 0.5807506964001057, 8.321435934527035, 3.7535535214901756, 1.138441064729978, -6.502426742900164, 4.603824980525641],[-3.2521451511288486, 8.075646423680244, 4.205716995028503, -2.0145505972604187, -7.587888848358009, -6.982347990634592, -2.5649944349522436, -6.6435860704906835, -2.9177881954784617, -4.353337639054356, 3.584443878923773, -0.5237545350063542, -6.790872287832606, 7.336194067050872, 4.746691262547444, -6.910480666081098],[8.25380557862433, -4.041693023589956, -0.7428088219410824, 7.447039001131273, 7.629402856860079, -9.710250510874506, 9.468558454410005, -4.679335093525172, 9.320729187656045, -3.4394338977972216, 8.887407393703366, -6.740257259085729, 9.135670823203967, 2.339832862383833, 9.515617911194479, -3.9752090984839956],[4.633629405635487, 8.43236921432052, 6.899384290288097, 2.3881177515772283, -0.5849820545026834, -9.191002113188258, -2.1921545053428293, 9.333489870760353, 4.772843014356011, 5.087960338852927, 0.6755670574981778, 5.232970737816968, -6.515368546678815, -4.840185454424011, -1.8193058350503826, -9.088561669438723],[3.962562230635122, 0.4020775306090041, 4.42264445799313, 0.8967796287503216, -1.1595079669162658, 5.7095999427734885, 3.902232091396435, 0.7959909936431924, -8.3326366229105, -7.79179976517179, -8.210971227909312, 6.5637424705995215, -3.1307841329686354, -6.820110758086488, 8.489234598145977, 2.4836363453318313],[-2.2243508836604997, -8.155459205176996, 7.449468342870759, -7.953666818006091, 2.158017708210041, -6.208664237834953, 1.4378949948155206, -6.896211577622189, -4.234092539332743, 1.291887550259263, -5.49982856923971, 2.636671246497432, 2.007029911785212, 6.234383584557797, -8.731994068526419, 6.084955114419618],[1.1457213128789494, 8.82901185695389, 2.0635507144384206, 2.5886078771673766, 5.990108718512255, -0.618252602385267, 8.42837471104168, -6.675000868547032, -5.1194705708235455, -7.231250618228911, 3.3147417062475597, 9.240370030166808, -0.9222202925097971, 0.7639659013890849, -6.120678350731106, -1.6463490443381374]];biases=[1.9297073635130282, 1.9742775856973651, -1.3250095499808907, -2.879488547941394, -0.024155616475846742, 5.332079184002094, 9.443186593455511, -0.5872903000693501, -8.00473627837829, 1.1907824498750266, 4.478948325920673, 7.966672302432407, 5.978905442598922, 5.9346333277194425, -4.118161831129006, 6.908651925398395];activationFunc=ReLu}
layer2: Layer{weights=[[9.634878746892038, -3.855806608466872, -3.5621373291830487, 9.370147794368282, -7.826960868685879, -6.885888034601253, -8.035218428564605, 6.2827843942456525, -2.623013267067112, -4.649883161546926, -3.5395814607493525, -6.175080433541766, 8.287302342839926, -4.249632832142112, 2.0735299624092924, 5.581628542486845]];biases=[-8.738435268876918];activationFunc=Sigmoid}
]
}
NeuralNetwork{
Number_of_neurons: [5,16,16,1]
layers:
[layer0: Layer{weights=[[-9.99987997869364, -3.9584141111051707, 7.7646714147926374, -7.836906681949499, 8.475700048370346],[-6.6540858342110205, -6.70252533300741, -2.801465351216123, -7.172661605590191, 8.562726256088602],[7.652027628695734, -9.56097023061825, 3.7444449248960012, -1.6743884457532445, -4.391099213388793],[1.0860697106429402, -3.26389322539508, 7.605170014098277, -6.01548183034776, 6.581497956024851],[-0.8594064029040744, -4.844625230310015, -3.3368474073287153, 5.674737719583092, -6.919890084397262],[-1.5264339564258016, -6.56870645432212, -8.218411506993784, 9.250522551107071, 7.377944319195848],[4.492500220620318, 1.827536930436855, -5.083438496777335, -9.69265621093359, -5.956088002023123],[-3.007201406415998, 8.946471937563029, 0.3521931642574927, -5.106701960635531, 2.6061660235903172],[-8.194969905320145, 6.26448613499387, 4.947647541205942, -9.807364748752045, -8.951220453644408],[-2.332828378728033, -2.8902063867059624, -6.046783433040497, -1.4164092525811274, -3.6381933097080417],[5.939771234777439, -7.967685049091688, -5.688960216670975, 6.336542499505725, -1.3400758490240872],[4.521258198991749, 6.254647669336862, 5.398129354913845, -3.271359523321884, -3.324386486319659],[5.695448225197058, 1.4738958652083838, 4.325246647217522, 4.280301494909924, 7.306735654231641],[0.6180695526009572, -6.0422960281404725, -5.632776538432209, -1.1544168866278675, 3.5596246537129197],[-8.97979687402971, 0.2531655099179897, 4.816505080897937, 7.394139142278256, 5.603541427479694],[-8.934451604758387, -0.7496888127824448, -4.462049955320094, 2.8689717616092807, 2.284206267153497]];biases=[3.3194165812780803, -4.763772343273374, 3.5484000436248877, 1.1119373561234003, -6.9192281892037055, 1.9696171402930762, 8.862404661751128, -1.153580434426523, 0.998001597196696, -4.258667675771301, 7.777342582922248, 8.658171761825969, 3.483410443035188, 7.602707344141855, 4.1896985318349085, 2.99541888062517];activationFunc=ReLu}
layer1: Layer{weights=[[7.100776627943148, -1.4844926857959813, 6.133477230190671, -3.0754224218957393, -0.9482552809963334, 5.46659921732671, -8.403174468239872, 8.420204694611925, -9.993319988044915, -9.966009378286056, 6.651850695769848, 0.5128552018378034, 7.347752397564491, 5.431610700865704, -9.781898339290994, -4.301064781578066],[-4.601211859818298, 4.304096004584503, 2.399059623224911, -8.946367026947213, 4.8168909472777806, 0.8646887166818296, 6.161608955828612, 9.036532398964482, 9.82713484626283, 2.285181916059038, -9.958774444205908, -3.909121473183273, 8.966007141813819, -8.51114375343457, 4.773270564083296, -3.8477544361819938],[-3.3379718163536225, -1.9171624244236192, -9.160937361758156, -0.5231375506276699, -9.073212439076627, -1.511678103225627, 6.612149219095972, 1.6523583092199097, -7.039798435973941, 4.35215732949553, 2.650246620271579, -6.397376522133369, -9.26231996305515, 1.9389901637654638, -8.381809341957688, 0.37677263496111735],[9.270069169229888, 7.593011279032396, -6.533882847121695, -9.274910894529313, 5.741809314135001, -9.82043588819244, 7.045414239618417, 1.9965773807446716, -7.831046178123771, -3.025597725366551, -9.376454715915196, 1.9976894214814518, 0.4375521180761126, -3.8579604491665016, 2.3604427915957356, 5.513050283190497],[-8.171730340750901, 4.049331793963226, -5.179749713310904, -8.549064707940596, 7.721214123495301, 9.457996446806135, -8.577044098886194, 1.399098808680126, -0.7964259922004722, -6.103769751301639, 9.2270784084, 4.469890096954197, -1.13382814519996, -5.3974574105407775, 6.009882402596254, -4.366294362431924],[-5.582922976105724, -3.619552967678752, 0.20973322684390716, 1.1062827730548097, -9.36900532751845, -3.687058328085109, 3.4576334704538993, -2.568075729117714, 6.750114339101366, 3.395044236258107, 3.9439061944278198, 1.0370490893053805, 3.4372411883675564, 8.222745845521018, 7.126177097200596, 8.442967574040718],[-2.652115012867567, 6.65649304166535, -5.673624803516519, 3.142082079378781, 0.0279839078855062, -2.921593459528715, 6.60261247241726, -6.0891587113437184, 0.11427250922962706, -3.8212207200411807, -1.4870047674370177, -1.8241080525380777, 0.26108745986336324, 4.586767429003498, -4.151455409077796, -9.801329179655403],[5.032430612950073, 9.325271619568362, -9.672881723133433, -6.271518002386438, 6.0467946506188, -6.0552371543018735, 8.218289250440932, -1.4592052089307543, 0.8329662278140404, -0.5133269060649468, -3.652384935489441, 9.941545350112552, -7.7555340802026755, 0.13960558103982557, -8.940884732709973, 1.5444925419090403],[-3.594858853977046, 7.770629130138854, -5.426106691289585, -4.2818976256971375, 6.146402239364079, -1.8801546659682327, 0.6671249189246691, 0.9776142974524777, 8.102516973412918, -0.4947976901343374, 3.68277459933571, -8.71677241267941, -2.5167056055695554, 8.432469152114262, -2.076602089510418, 5.466289938506222],[2.3235112689009014, -7.559050449108429, -1.9318848115170422, 2.7936720856744373, 7.90632476186336, -1.395758258139253, 7.663980429679146, -1.1396296176632337, -7.52910974110817, -7.686245544730879, -6.051000493070364, -5.777954602821504, 7.0514065725634865, 1.138441064729978, -6.502426742900164, 4.603824980525641],[-3.2521451511288486, 8.075646423680244, 4.205716995028503, -2.0145505972604187, -7.587888848358009, 9.932337613775651, -2.5649944349522436, -6.6435860704906835, -2.9177881954784617, -4.353337639054356, 3.584443878923773, -0.5237545350063542, -2.405908523102685, 7.336194067050872, 4.746691262547444, -6.910480666081098],[9.64014550042323, 9.650342866872247, -0.7428088219410824, 7.447039001131273, 7.629402856860079, 3.4689015531592045, 8.885096262503438, -4.679335093525172, 9.320729187656045, -3.4394338977972216, -2.5751879818905277, -6.740257259085729, 9.135670823203967, 2.339832862383833, 9.515617911194479, -3.9752090984839956],[4.633629405635487, 8.509028147381478, 6.899384290288097, 2.3881177515772283, -0.5849820545026834, -9.191002113188258, -2.1921545053428293, 3.502329488732741, 4.772843014356011, 5.087960338852927, 0.6755670574981778, 5.232970737816968, 4.931860345865664, -2.8148185281200018, -4.417216739739773, -0.7227258541514043],[9.301710508139656, 0.4020775306090041, 4.42264445799313, 0.8967796287503216, -1.1595079669162658, 5.7095999427734885, 3.902232091396435, 0.7959909936431924, -8.3326366229105, -7.79179976517179, -8.210971227909312, 6.5637424705995215, 3.2079485162368666, -6.820110758086488, 8.489234598145977, 2.4836363453318313],[-2.2243508836604997, -8.155459205176996, 7.449468342870759, -7.953666818006091, 2.158017708210041, -6.390454017089093, -8.656438521454303, -6.896211577622189, -4.234092539332743, 1.291887550259263, -5.49982856923971, 2.636671246497432, 2.007029911785212, 5.424386763563707, -8.731994068526419, 6.084955114419618],[1.1457213128789494, 8.82901185695389, 2.0635507144384206, 2.5886078771673766, 5.990108718512255, -0.618252602385267, 8.42837471104168, -6.675000868547032, -5.1194705708235455, -7.231250618228911, 3.3147417062475597, 2.875988443733428, -0.9222202925097971, 4.46233944971144, -6.120678350731106, -1.6463490443381374]];biases=[1.9297073635130282, -9.388017815526394, 7.992115484529023, -2.879488547941394, -0.024155616475846742, 5.332079184002094, -7.976981888740065, -0.5872903000693501, 2.6763407600314775, 1.1907824498750266, -2.978822125125138, 7.966672302432407, 5.978905442598922, -9.59922306820389, -4.118161831129006, 6.908651925398395];activationFunc=ReLu}
layer2: Layer{weights=[[9.634878746892038, -3.855806608466872, -2.384985886631787, 9.370147794368282, -1.7295718130281674, -6.885888034601253, -8.035218428564605, 6.2827843942456525, -2.623013267067112, -0.5898239657007327, -3.5395814607493525, -8.122779120564465, 8.287302342839926, -4.249632832142112, 2.0735299624092924, 5.581628542486845]];biases=[-8.738435268876918];activationFunc=Sigmoid}
]
}
NeuralNetwork{
Number_of_neurons: [5,16,16,1]
layers:
[layer0: Layer{weights=[[-2.6232686142076016, -3.9584141111051707, -7.771133127576548, -7.836906681949499, 8.475700048370346],[8.171723199220782, -6.70252533300741, -2.801465351216123, -7.172661605590191, 8.562726256088602],[-3.2990523330369097, -6.777327770559709, 3.7444449248960012, -1.6743884457532445, -4.391099213388793],[1.0860697106429402, -3.26389322539508, 7.605170014098277, -6.01548183034776, 6.581497956024851],[-2.0168719533948742, 6.339165842457973, -3.3368474073287153, 5.674737719583092, -6.919890084397262],[6.1192622321879995, -6.56870645432212, -8.218411506993784, -2.538508835806022, 7.377944319195848],[4.492500220620318, 1.827536930436855, 5.256490149686812, -9.69265621093359, -5.956088002023123],[-3.007201406415998, 1.6170925560178553, 0.3521931642574927, 6.638298486879794, 2.6061660235903172],[-8.194969905320145, 6.26448613499387, 2.194169463576369, -9.807364748752045, -8.951220453644408],[-2.332828378728033, 6.6854584309187395, 5.14427058268873, -1.4164092525811274, -3.4147792726043154],[5.939771234777439, 8.174562642228342, -5.688960216670975, 6.336542499505725, -1.3400758490240872],[4.521258198991749, 4.202814165493756, 5.398129354913845, -3.271359523321884, -3.324386486319659],[3.777513536817299, 1.4738958652083838, 4.325246647217522, 4.280301494909924, 5.9706678159978726],[0.6180695526009572, -6.0422960281404725, 3.6642183434745412, -1.1544168866278675, 3.5596246537129197],[-8.97979687402971, 0.2531655099179897, 4.816505080897937, 7.394139142278256, 5.603541427479694],[-8.934451604758387, -0.7496888127824448, -4.462049955320094, 2.8689717616092807, 2.284206267153497]];biases=[3.3194165812780803, -4.763772343273374, 3.5484000436248877, 1.1119373561234003, -6.9192281892037055, 0.8323284511777871, 8.862404661751128, -1.153580434426523, 0.998001597196696, -4.258667675771301, -0.9089103434507493, 6.581275095978164, 3.483410443035188, 7.602707344141855, 4.1896985318349085, 2.99541888062517];activationFunc=ReLu}
layer1: Layer{weights=[[-2.2940053726701155, -1.4844926857959813, 6.133477230190671, -3.0754224218957393, -1.1561629562580649, 5.46659921732671, -8.403174468239872, 8.420204694611925, -9.993319988044915, -9.966009378286056, -8.068109169660922, -1.9500129370397428, 7.347752397564491, 5.431610700865704, -9.781898339290994, -4.301064781578066],[1.7195774276443707, 4.304096004584503, -9.562533490589765, -8.946367026947213, 4.038355592506456, 0.8646887166818296, 6.161608955828612, 9.036532398964482, 9.82713484626283, 2.285181916059038, -2.3771201182851414, -3.909121473183273, 8.966007141813819, -8.51114375343457, 4.773270564083296, -3.8477544361819938],[-3.3379718163536225, -1.9171624244236192, -9.160937361758156, -0.5231375506276699, -9.073212439076627, -1.511678103225627, 6.612149219095972, 1.6523583092199097, -7.039798435973941, 4.35215732949553, 1.1526754600337377, -6.397376522133369, -9.26231996305515, 1.9389901637654638, -8.381809341957688, 0.37677263496111735],[9.270069169229888, -7.271817379319199, 5.772887197984609, -9.274910894529313, 5.741809314135001, -9.82043588819244, 7.045414239618417, 3.5396663629067966, 5.956022124996117, -3.025597725366551, -9.376454715915196, 1.9976894214814518, 0.4375521180761126, -3.8579604491665016, 2.3604427915957356, 8.561403089253098],[-8.171730340750901, 4.049331793963226, -5.179749713310904, -8.549064707940596, 8.735433123066741, 9.457996446806135, -8.577044098886194, 1.399098808680126, -0.009175899303297541, -6.103769751301639, 9.2270784084, 4.469890096954197, -1.13382814519996, -7.633920808474601, -7.285269590656966, -4.366294362431924],[-5.582922976105724, 5.475634188239978, 0.20973322684390716, 1.1062827730548097, -9.36900532751845, -3.687058328085109, 3.4576334704538993, 3.674413281397637, 6.750114339101366, 3.395044236258107, -7.104559009994933, 1.0370490893053805, 1.5172696042655858, 8.222745845521018, 7.126177097200596, 8.442967574040718],[-2.652115012867567, 6.565322075182348, -5.673624803516519, 3.168507427630953, 0.0279839078855062, -2.921593459528715, 6.60261247241726, -6.0891587113437184, 0.11427250922962706, -3.8212207200411807, -1.4870047674370177, -1.8241080525380777, 1.2616825866667547, 4.586767429003498, -1.837972692198111, -9.801329179655403],[5.032430612950073, 9.325271619568362, -9.672881723133433, 0.646823245239931, 6.0467946506188, -6.0552371543018735, 8.218289250440932, -1.4592052089307543, 0.8329662278140404, -3.795034428860813, -3.652384935489441, 9.941545350112552, -7.7555340802026755, 0.13960558103982557, -1.896991861857817, 1.5444925419090403],[-3.12427989107126, -8.113902154731075, -5.426106691289585, 5.048377791031607, 6.146402239364079, -1.8801546659682327, 4.0248968531442735, 0.9776142974524777, 8.102516973412918, -0.4947976901343374, 3.68277459933571, -8.71677241267941, -2.5167056055695554, 8.432469152114262, -2.076602089510418, 3.0849093764376754],[2.3235112689009014, -7.559050449108429, -8.232345860535123, 2.7936720856744373, 7.90632476186336, -1.395758258139253, 7.663980429679146, -1.1396296176632337, -7.52910974110817, -7.686245544730879, -6.189210266333987, -5.777954602821504, 3.7535535214901756, 4.289475571419812, -6.502426742900164, 4.603824980525641],[-3.2521451511288486, 8.075646423680244, 4.205716995028503, -2.0145505972604187, -7.587888848358009, 9.932337613775651, -2.5649944349522436, -0.9284125440753854, 1.4072444725672977, -4.389631911330216, 3.584443878923773, -0.5237545350063542, -2.405908523102685, 7.336194067050872, 4.746691262547444, -6.910480666081098],[9.64014550042323, 6.04828160400379, -0.7428088219410824, 7.447039001131273, 7.629402856860079, 3.4689015531592045, 8.885096262503438, -4.679335093525172, 9.320729187656045, -3.4394338977972216, 8.887407393703366, -6.740257259085729, 9.135670823203967, 2.339832862383833, 9.515617911194479, -3.9752090984839956],[-4.483215369344662, 8.43236921432052, 6.899384290288097, 2.3881177515772283, -9.753030715765707, -9.191002113188258, -2.1921545053428293, 9.333489870760353, 4.772843014356011, 5.087960338852927, 0.6755670574981778, 5.232970737816968, -6.515368546678815, -4.840185454424011, -1.8193058350503826, -0.7227258541514043],[9.301710508139656, 0.4020775306090041, 4.42264445799313, 0.8967796287503216, -1.1595079669162658, 5.7095999427734885, -7.433781582233889, 0.7959909936431924, -4.483722021776726, -7.79179976517179, -8.210971227909312, -6.469549030685711, 3.2079485162368666, -6.820110758086488, 2.843844429238967, 2.4836363453318313],[-2.2243508836604997, -6.238687812581409, 7.449468342870759, -7.953666818006091, 2.158017708210041, -6.208664237834953, -8.656438521454303, -6.896211577622189, -4.234092539332743, 1.291887550259263, -5.49982856923971, 2.636671246497432, 2.007029911785212, 6.558436062609147, -8.731994068526419, 6.084955114419618],[1.1457213128789494, 8.82901185695389, 2.0635507144384206, 2.5886078771673766, 5.990108718512255, -0.618252602385267, 8.42837471104168, -6.675000868547032, -5.1194705708235455, -7.231250618228911, 3.3147417062475597, 2.875988443733428, -0.9222202925097971, 0.7639659013890849, -6.120678350731106, -1.6463490443381374]];biases=[1.9297073635130282, -9.388017815526394, 7.992115484529023, -2.879488547941394, -5.084551093314451, 5.332079184002094, -7.976981888740065, -0.5872903000693501, 2.6763407600314775, 1.1907824498750266, -2.978822125125138, 0.0979677448487859, 5.978905442598922, -9.59922306820389, -4.118161831129006, -4.4505036962940565];activationFunc=ReLu}
layer2: Layer{weights=[[9.634878746892038, -3.855806608466872, -3.5621373291830487, 8.480466577541481, -1.7295718130281674, -6.885888034601253, -8.035218428564605, 6.2827843942456525, -2.623013267067112, -0.5898239657007327, -3.5395814607493525, -6.175080433541766, 8.287302342839926, -4.249632832142112, -5.078233609851715, 5.581628542486845]];biases=[-8.738435268876918];activationFunc=Sigmoid}
]
}
NeuralNetwork{
Number_of_neurons: [5,16,16,1]
layers:
[layer0: Layer{weights=[[-2.6232686142076016, -3.9584141111051707, 7.7646714147926374, -7.836906681949499, 8.475700048370346],[3.255538799357698, -6.70252533300741, -2.801465351216123, 3.3717371966293985, 8.562726256088602],[7.730987490454972, -6.777327770559709, 3.7444449248960012, -1.6743884457532445, -4.391099213388793],[1.0860697106429402, -3.26389322539508, 7.605170014098277, -6.01548183034776, 6.581497956024851],[-1.1830381581640879, 1.0913730578826897, -3.3368474073287153, 4.187565566613662, -6.919890084397262],[6.1192622321879995, -6.56870645432212, -8.218411506993784, -2.538508835806022, 7.377944319195848],[4.492500220620318, 1.827536930436855, -5.083438496777335, -9.69265621093359, -5.956088002023123],[-3.007201406415998, 1.6170925560178553, 0.3521931642574927, 3.0665407098715214, 2.6061660235903172],[-8.194969905320145, 6.26448613499387, 2.194169463576369, -9.807364748752045, -8.951220453644408],[-2.734287743274308, -2.8902063867059624, -6.046783433040497, -4.767002874734607, -3.4147792726043154],[5.939771234777439, -7.967685049091688, -5.688960216670975, 6.336542499505725, -1.3400758490240872],[4.521258198991749, 6.254647669336862, 5.398129354913845, -3.3973409743457594, -3.324386486319659],[5.695448225197058, 1.4738958652083838, 0.3492290667615059, 4.280301494909924, 5.9706678159978726],[0.6180695526009572, -6.0422960281404725, 3.6642183434745412, -1.1544168866278675, 3.5596246537129197],[-8.97979687402971, 0.2531655099179897, 4.816505080897937, 7.394139142278256, 5.603541427479694],[-8.934451604758387, -0.7496888127824448, -4.462049955320094, 8.04320107829847, 2.284206267153497]];biases=[3.3194165812780803, -4.763772343273374, 3.5484000436248877, 1.1119373561234003, -6.9192281892037055, 0.8323284511777871, 8.862404661751128, -1.153580434426523, 0.9747138672678446, -4.258667675771301, 7.777342582922248, 6.581275095978164, 3.483410443035188, 7.602707344141855, 4.1896985318349085, 2.99541888062517];activationFunc=ReLu}
layer1: Layer{weights=[[-2.2940053726701155, -1.4844926857959813, 6.133477230190671, -3.0754224218957393, -7.626395399602501, 5.46659921732671, -8.403174468239872, 8.420204694611925, -9.993319988044915, -9.966009378286056, -8.068109169660922, -1.9500129370397428, 7.347752397564491, 5.431610700865704, -9.781898339290994, -4.301064781578066],[-6.252498798524508, 4.304096004584503, -9.562533490589765, -8.946367026947213, 4.038355592506456, 0.8646887166818296, 9.076746487917195, 9.036532398964482, 9.82713484626283, 2.285181916059038, -9.958774444205908, -3.909121473183273, 8.966007141813819, -8.51114375343457, -7.733064197071753, -3.8477544361819938],[-3.3379718163536225, -1.9171624244236192, -9.160937361758156, -0.5231375506276699, -9.073212439076627, -1.511678103225627, 6.612149219095972, -5.9375181509907415, -7.039798435973941, 4.35215732949553, 1.1526754600337377, 5.270887020402778, -9.26231996305515, 1.9389901637654638, -8.381809341957688, 0.37677263496111735],[9.270069169229888, -7.271817379319199, -6.533882847121695, -9.274910894529313, 5.741809314135001, -9.82043588819244, 7.045414239618417, 3.5396663629067966, -7.831046178123771, -3.025597725366551, -9.376454715915196, 1.9976894214814518, 0.4375521180761126, -3.8579604491665016, 2.3604427915957356, 5.513050283190497],[-8.171730340750901, 4.049331793963226, -5.179749713310904, -8.549064707940596, 7.721214123495301, 9.457996446806135, -8.577044098886194, 1.399098808680126, -0.009175899303297541, -6.103769751301639, 9.2270784084, 4.469890096954197, -1.13382814519996, -5.3974574105407775, 6.009882402596254, -4.366294362431924],[-5.582922976105724, 5.475634188239978, 1.311930268574022, 1.1062827730548097, -9.36900532751845, -3.687058328085109, 3.4576334704538993, 3.674413281397637, 6.750114339101366, -0.4263711241546009, 3.9439061944278198, 1.0370490893053805, 3.4372411883675564, 8.222745845521018, 7.126177097200596, 8.442967574040718],[-2.652115012867567, 6.565322075182348, -5.673624803516519, 3.168507427630953, 0.0279839078855062, -2.921593459528715, -3.7964324058658017, -6.0891587113437184, 0.11427250922962706, -3.8212207200411807, -1.4870047674370177, -1.8241080525380777, 1.2616825866667547, 4.586767429003498, -1.837972692198111, -9.801329179655403],[-0.9674303936598161, 9.325271619568362, -9.672881723133433, 9.28165671934859, 6.0467946506188, -6.0552371543018735, 8.218289250440932, -6.5283112463808735, 0.8329662278140404, -0.5133269060649468, -3.652384935489441, 9.941545350112552, -7.7555340802026755, 0.13960558103982557, 9.534639678513802, 1.5444925419090403],[9.571019598305853, -8.113902154731075, -5.426106691289585, -4.2818976256971375, 6.146402239364079, -1.8801546659682327, 4.0248968531442735, 0.9776142974524777, 8.102516973412918, -0.4947976901343374, 3.68277459933571, -8.71677241267941, -2.5167056055695554, 8.432469152114262, -2.076602089510418, 3.0849093764376754],[2.3235112689009014, -7.559050449108429, -8.232345860535123, 2.7936720856744373, 7.90632476186336, -1.395758258139253, 7.663980429679146, -1.1396296176632337, -7.52910974110817, -7.686245544730879, -6.051000493070364, -2.5577470825452604, 3.7535535214901756, 1.138441064729978, -6.502426742900164, 4.603824980525641],[-3.2521451511288486, 8.075646423680244, 4.205716995028503, 6.3030984719366, -7.587888848358009, -8.634938576153155, -2.5649944349522436, -6.6435860704906835, -2.9177881954784617, -4.353337639054356, 3.584443878923773, -0.5237545350063542, -2.405908523102685, 7.336194067050872, 4.746691262547444, -6.910480666081098],[9.64014550042323, 9.650342866872247, -0.7428088219410824, 7.447039001131273, 7.629402856860079, 3.4689015531592045, 8.885096262503438, -4.679335093525172, 9.320729187656045, -3.4394338977972216, 8.887407393703366, 3.1309751664269125, 9.135670823203967, 2.339832862383833, 9.515617911194479, -3.9752090984839956],[4.633629405635487, 8.43236921432052, 6.899384290288097, 2.3881177515772283, 4.185444993389245, -9.191002113188258, -2.1921545053428293, 9.333489870760353, 4.772843014356011, 5.087960338852927, 0.6755670574981778, 5.232970737816968, -6.515368546678815, -4.840185454424011, 5.768480836461247, -0.7227258541514043],[9.301710508139656, 0.4020775306090041, 4.42264445799313, -2.4627354011667197, -1.1595079669162658, 5.7095999427734885, 3.902232091396435, 0.7959909936431924, -8.3326366229105, -7.79179976517179, -8.210971227909312, 6.5637424705995215, 3.2079485162368666, -6.820110758086488, 8.489234598145977, 2.4836363453318313],[-2.2243508836604997, 6.728865546735356, 7.449468342870759, -7.953666818006091, 2.158017708210041, -6.208664237834953, -8.656438521454303, -6.896211577622189, -4.234092539332743, 1.291887550259263, -5.49982856923971, 2.636671246497432, 2.007029911785212, 6.234383584557797, -8.731994068526419, 6.084955114419618],[1.1457213128789494, 8.82901185695389, 2.0635507144384206, 2.5886078771673766, 5.990108718512255, -0.618252602385267, 8.42837471104168, -6.675000868547032, -5.1194705708235455, -7.231250618228911, 3.3147417062475597, 2.875988443733428, -0.9222202925097971, 0.7639659013890849, -6.120678350731106, -1.6463490443381374]];biases=[1.9297073635130282, -9.388017815526394, 7.992115484529023, -2.879488547941394, -0.024155616475846742, 5.332079184002094, -7.976981888740065, -0.5872903000693501, 2.6763407600314775, 1.1907824498750266, -2.978822125125138, 7.966672302432407, 5.978905442598922, -9.59922306820389, -4.118161831129006, 6.908651925398395];activationFunc=ReLu}
layer2: Layer{weights=[[9.634878746892038, -3.855806608466872, -3.5621373291830487, 4.550293190950992, -4.011400533636982, 8.866915332371896, -8.035218428564605, 6.2827843942456525, -2.623013267067112, -0.5898239657007327, -5.585848611276793, -6.175080433541766, 8.287302342839926, -4.249632832142112, 2.0735299624092924, 5.581628542486845]];biases=[-8.738435268876918];activationFunc=Sigmoid}
]
}