x= 290.0
generationNumber= 13
bestScore= 5221350
radius= 12.0
maxPipeX= 1060.0
floorY= 540.0
mutationChance= 0.1
max_bias= 10.0
min_bias= -10.0
max_weight= 10.0
min_weight= -10.0
NeuralNetwork{
Number_of_neurons: [5,16,16,1]
layers:
[layer0: Layer{weights=[[-2.6232686142076016, -3.9584141111051707, 0.7764879090456276, -7.836906681949499, 8.475700048370346],[3.255538799357698, -6.70252533300741, 5.060300737686362, 9.683085073596253, 8.562726256088602],[7.730987490454972, -4.498572611466949, 3.156809191317933, -1.6743884457532445, -4.391099213388793],[1.0860697106429402, -3.26389322539508, -7.357360563318456, -6.01548183034776, 6.581497956024851],[-0.8594064029040744, 6.339165842457973, -3.3368474073287153, 5.674737719583092, -6.919890084397262],[-5.358759852924317, -6.56870645432212, -8.218411506993784, -2.538508835806022, 7.377944319195848],[4.492500220620318, 1.827536930436855, -5.083438496777335, -9.69265621093359, -4.932145709401359],[-0.834272394528579, 1.6170925560178553, 0.3521931642574927, 6.638298486879794, 2.6061660235903172],[-8.194969905320145, 6.26448613499387, 8.430495069240166, 2.479320002898719, -8.951220453644408],[-2.332828378728033, 5.764295767623949, -6.046783433040497, -7.171442933039199, -3.4147792726043154],[5.939771234777439, -4.964744885307876, -5.688960216670975, 6.336542499505725, -1.3400758490240872],[-4.155570467678633, -0.15717654817818527, 5.398129354913845, -3.271359523321884, -6.102782492548173],[5.695448225197058, -3.0642366189341885, -0.09809866829305847, 4.280301494909924, 5.9706678159978726],[-7.6930462547436695, -6.007344836379018, 3.6642183434745412, -1.1544168866278675, 3.5596246537129197],[-8.97979687402971, 0.2531655099179897, 4.816505080897937, -5.820271372304173, 5.603541427479694],[-8.934451604758387, -0.7496888127824448, -4.462049955320094, 2.8689717616092807, 2.284206267153497]];biases=[3.3194165812780803, -4.763772343273374, 3.5484000436248877, 1.1119373561234003, -6.9192281892037055, -5.556890027878605, 8.862404661751128, -1.153580434426523, 0.998001597196696, -0.33110941448105713, 7.777342582922248, -1.0626877255494254, 3.483410443035188, 7.602707344141855, 4.1896985318349085, 2.99541888062517];activationFunc=ReLu}
layer1: Layer{weights=[[-2.2940053726701155, 8.677228670162428, 6.133477230190671, -9.108911015021011, 4.68638790966458, 3.4703870418496425, -8.403174468239872, 8.420204694611925, -9.993319988044915, -9.966009378286056, -8.068109169660922, -1.9500129370397428, 7.347752397564491, 5.431610700865704, -9.781898339290994, -4.301064781578066],[-6.098235445332641, 4.304096004584503, -9.562533490589765, -8.946367026947213, 4.038355592506456, -8.609775075074815, 6.161608955828612, 9.036532398964482, 9.82713484626283, 2.285181916059038, 0.7940944272940325, -3.909121473183273, 8.966007141813819, -6.420239211119647, 4.773270564083296, -3.8477544361819938],[-3.3379718163536225, -1.9171624244236192, -9.160937361758156, -0.5231375506276699, -9.073212439076627, 6.191435407722896, 6.612149219095972, 1.6523583092199097, 1.956380620735981, 4.35215732949553, 1.1526754600337377, -6.397376522133369, -9.26231996305515, 1.9389901637654638, -7.7518941631476235, 0.37677263496111735],[9.270069169229888, -2.9558409222076705, -6.533882847121695, 0.48206626634704364, 5.741809314135001, -9.842282992523415, 7.045414239618417, -0.8311415032239271, -7.831046178123771, -3.025597725366551, -9.376454715915196, -1.7536241187441135, 0.4375521180761126, -3.8579604491665016, 2.3604427915957356, -7.125720386385983],[-8.171730340750901, 4.049331793963226, -5.179749713310904, 9.167491040501432, 7.721214123495301, 9.457996446806135, -8.271427481033445, -7.385467827091976, -0.009175899303297541, -6.103769751301639, 9.2270784084, 4.469890096954197, -0.46599670939113125, -5.3974574105407775, 6.009882402596254, -4.366294362431924],[-5.582922976105724, 5.475634188239978, 0.20973322684390716, 1.1062827730548097, -9.36900532751845, -3.687058328085109, 3.4576334704538993, 3.674413281397637, 6.750114339101366, -9.177953140789306, 3.9439061944278198, -6.292403208637179, 3.4372411883675564, -9.875402514244396, 7.126177097200596, -8.380527852630653],[-9.48227499948512, 6.565322075182348, 4.428907016666015, 3.168507427630953, -0.20944216798542037, 7.826943564902432, 6.60261247241726, -6.5081672917249955, 8.679973762289702, -3.8212207200411807, -1.4870047674370177, -1.8241080525380777, -0.908659959706398, -2.7010405389293313, -1.837972692198111, -9.313207437184982],[-6.241853006938898, -7.312129594211514, -9.672881723133433, 0.646823245239931, 6.0467946506188, -6.0552371543018735, 8.218289250440932, 2.8139646497156683, -1.375904637757655, -0.6497035283491215, -3.652384935489441, -5.791512316715359, -7.7555340802026755, 0.13960558103982557, -8.940884732709973, 1.5444925419090403],[9.910493985301756, 8.117454836927443, 2.1238663930565806, -0.42453136722414797, -8.941575019626482, -7.07491002936893, 4.0248968531442735, 0.9776142974524777, 8.102516973412918, -0.4947976901343374, 0.9796813836229639, -8.71677241267941, 4.26651176631591, -5.18234022879483, -2.076602089510418, 3.0849093764376754],[-5.675782078854628, -7.559050449108429, -8.232345860535123, 1.881772320328965, 7.90632476186336, -1.395758258139253, 1.5867059595039805, -1.1396296176632337, -7.52910974110817, 7.942517544745236, -6.051000493070364, -5.777954602821504, 3.7535535214901756, -4.311722218537146, 0.9652584824699346, 4.603824980525641],[-3.2521451511288486, 8.075646423680244, 7.872985993222596, -2.0145505972604187, -7.587888848358009, -1.8742924237459455, 2.6195134604923958, -6.6435860704906835, -2.9177881954784617, -4.353337639054356, 3.584443878923773, -0.5237545350063542, -2.405908523102685, -6.773090207922641, 4.746691262547444, -6.910480666081098],[9.64014550042323, 9.650342866872247, -0.26753983189271935, 7.447039001131273, -5.0429194827705075, 3.4689015531592045, 8.885096262503438, -4.679335093525172, 9.320729187656045, -4.513316078674274, 8.887407393703366, -6.740257259085729, 9.135670823203967, 2.339832862383833, -7.48712111155802, -3.9752090984839956],[4.633629405635487, 8.43236921432052, 6.899384290288097, 2.3881177515772283, -0.5849820545026834, -9.191002113188258, -2.1921545053428293, 9.333489870760353, 4.772843014356011, 5.087960338852927, 0.6755670574981778, 5.232970737816968, -6.515368546678815, -4.840185454424011, -1.8193058350503826, -0.7227258541514043],[9.301710508139656, 1.0295571389024758, -2.154182730723666, 7.465086296111444, -3.1871070465275064, 5.7095999427734885, 3.902232091396435, 0.7959909936431924, -8.3326366229105, -7.79179976517179, -8.210971227909312, 2.421525770902729, 3.2079485162368666, -6.820110758086488, 8.489234598145977, 2.4836363453318313],[-2.2243508836604997, -8.602678333723503, 7.449468342870759, -7.953666818006091, -2.3476293349517707, -6.208664237834953, -8.656438521454303, 0.24378843981983067, -4.234092539332743, 1.291887550259263, -5.49982856923971, 2.636671246497432, 2.007029911785212, 6.234383584557797, -8.731994068526419, 6.084955114419618],[1.1457213128789494, 8.82901185695389, 2.0635507144384206, 2.5886078771673766, 9.075534004281696, -0.618252602385267, 8.42837471104168, -4.019428536485732, -7.248730145427677, 2.1812173418611263, 3.3147417062475597, 6.640895594260954, -0.9222202925097971, 2.808184917410019, -6.120678350731106, -0.6004352051821229]];biases=[1.9297073635130282, 0.9096490322334319, 7.992115484529023, -2.879488547941394, -0.024155616475846742, 5.332079184002094, -7.976981888740065, -0.5872903000693501, 2.6763407600314775, 1.1907824498750266, -2.978822125125138, 5.080380255240222, 5.978905442598922, -9.59922306820389, -4.118161831129006, 6.908651925398395];activationFunc=ReLu}
layer2: Layer{weights=[[9.634878746892038, 1.4465632989507675, -3.5621373291830487, 9.370147794368282, -1.7295718130281674, -6.885888034601253, -8.035218428564605, 6.2827843942456525, 9.729087776876856, -0.5898239657007327, -3.5395814607493525, -6.175080433541766, 8.287302342839926, -6.078479540003315, 6.7609902966799105, 5.581628542486845]];biases=[-0.6738888449177303];activationFunc=Sigmoid}
]
}
NeuralNetwork{
Number_of_neurons: [5,16,16,1]
layers:
[layer0: Layer{weights=[[-2.6232686142076016, -3.9584141111051707, 7.7646714147926374, -7.836906681949499, 8.475700048370346],[-4.7012733088579335, -6.674348948289611, 5.060300737686362, -7.899354191856731, 8.562726256088602],[7.730987490454972, -6.777327770559709, 3.156809191317933, -1.6743884457532445, -4.391099213388793],[-5.511723006445832, 0.7712195441705649, -7.357360563318456, -6.01548183034776, 6.581497956024851],[-0.8594064029040744, 6.339165842457973, -3.3368474073287153, -7.1197621841815835, -6.919890084397262],[-5.358759852924317, -6.56870645432212, -8.218411506993784, -2.538508835806022, 7.377944319195848],[4.492500220620318, 1.827536930436855, -5.083438496777335, -9.69265621093359, -4.932145709401359],[6.22113942377095, 1.6170925560178553, 0.3521931642574927, 6.638298486879794, -6.971776198714242],[-8.194969905320145, 6.26448613499387, 8.430495069240166, -9.807364748752045, -8.951220453644408],[-2.332828378728033, 5.764295767623949, -6.046783433040497, -7.171442933039199, -3.4147792726043154],[5.939771234777439, -4.964744885307876, -5.688960216670975, -7.108356142236456, -1.3400758490240872],[-7.116434334781127, -0.15717654817818527, 5.398129354913845, -3.271359523321884, -3.324386486319659],[5.695448225197058, -3.0642366189341885, 7.639424602600325, 4.280301494909924, 5.9706678159978726],[0.6180695526009572, -6.007344836379018, 3.6642183434745412, -1.1544168866278675, 3.5596246537129197],[-8.97979687402971, 0.2531655099179897, 4.816505080897937, -5.820271372304173, 5.603541427479694],[0.44634034715046234, -0.7496888127824448, -4.462049955320094, 2.8689717616092807, 2.284206267153497]];biases=[3.3194165812780803, -4.763772343273374, 3.5484000436248877, 1.1119373561234003, -6.9192281892037055, 0.8323284511777871, 8.862404661751128, -1.153580434426523, 0.998001597196696, -0.33110941448105713, 7.777342582922248, -7.899339842988251, 3.483410443035188, 7.602707344141855, 4.1896985318349085, 2.99541888062517];activationFunc=ReLu}
layer1: Layer{weights=[[-2.2940053726701155, 0.6420172365097834, 6.133477230190671, -9.108911015021011, 4.68638790966458, 3.4703870418496425, -8.403174468239872, 8.420204694611925, -9.993319988044915, -9.966009378286056, -8.068109169660922, -1.9500129370397428, 7.347752397564491, 5.431610700865704, -9.781898339290994, -4.301064781578066],[-0.005909390040596207, 4.304096004584503, -9.562533490589765, -8.946367026947213, -0.21174143473485785, -8.609775075074815, -5.684566137205341, 9.036532398964482, 9.82713484626283, 2.285181916059038, 0.7940944272940325, -3.909121473183273, 8.966007141813819, -8.51114375343457, 4.773270564083296, -3.8477544361819938],[-3.3379718163536225, -1.9171624244236192, -9.160937361758156, 7.5642908232714205, -9.073212439076627, 3.523998987284809, 6.612149219095972, 1.6523583092199097, 1.956380620735981, 4.35215732949553, 1.1526754600337377, -6.397376522133369, 6.163750776319716, 1.9389901637654638, -7.7518941631476235, 0.37677263496111735],[3.7838681734122197, -2.9558409222076705, -6.533882847121695, 0.48206626634704364, 3.521073616615123, -9.842282992523415, 7.045414239618417, 3.5396663629067966, -7.831046178123771, -3.025597725366551, -9.376454715915196, 1.9976894214814518, -3.7588868804795723, -3.8579604491665016, -5.721844326139813, -7.125720386385983],[-8.171730340750901, 4.049331793963226, -5.179749713310904, 9.167491040501432, 3.6348005992399557, 9.457996446806135, -4.52688003002125, -7.385467827091976, -0.009175899303297541, -6.103769751301639, -1.3676289364195213, 1.0967084002183984, -0.46599670939113125, -5.3974574105407775, 6.009882402596254, -4.366294362431924],[-5.582922976105724, 5.475634188239978, -6.155375994376106, 8.226372395973325, -9.36900532751845, -7.262140587656269, 3.4576334704538993, 3.674413281397637, 6.750114339101366, -9.177953140789306, 3.9439061944278198, -6.292403208637179, 3.4372411883675564, -9.875402514244396, 7.126177097200596, -8.380527852630653],[-2.652115012867567, 6.565322075182348, 4.428907016666015, 3.168507427630953, 0.9071674968189747, 7.826943564902432, 6.60261247241726, -6.5081672917249955, 8.679973762289702, -3.8212207200411807, -1.4870047674370177, -1.8241080525380777, -0.908659959706398, -8.42360453978742, -1.837972692198111, -9.313207437184982],[-6.461225165269622, 8.137945464963032, -9.672881723133433, 0.646823245239931, 6.0467946506188, -6.0552371543018735, 8.218289250440932, 2.8139646497156683, -1.375904637757655, -0.6497035283491215, -3.652384935489441, 9.941545350112552, -7.7555340802026755, 0.13960558103982557, -8.940884732709973, -3.394162732534765],[-1.6638293838108567, -8.113902154731075, -8.11160138259984, -0.42453136722414797, 6.146402239364079, -7.07491002936893, 4.0248968531442735, 0.9776142974524777, 8.102516973412918, -0.4947976901343374, 0.9796813836229639, -8.71677241267941, -2.5167056055695554, 8.432469152114262, -2.076602089510418, 3.0849093764376754],[-2.776067638838673, -0.19553324452335197, -8.232345860535123, 1.881772320328965, 7.90632476186336, -1.395758258139253, 1.5867059595039805, 8.576611573233446, -7.52910974110817, -7.686245544730879, -6.051000493070364, -5.777954602821504, 3.7535535214901756, -4.311722218537146, 0.9652584824699346, 4.603824980525641],[-3.2521451511288486, 8.075646423680244, 7.872985993222596, -2.0145505972604187, -7.587888848358009, 9.932337613775651, 2.6195134604923958, -6.6435860704906835, -2.9177881954784617, -4.353337639054356, 3.584443878923773, -0.5237545350063542, 6.9698805965199675, -6.773090207922641, 4.746691262547444, -6.910480666081098],[9.64014550042323, 9.650342866872247, -0.26753983189271935, 7.447039001131273, -5.0429194827705075, 3.4689015531592045, 8.885096262503438, -4.679335093525172, 9.320729187656045, -4.513316078674274, 8.887407393703366, -6.740257259085729, 9.135670823203967, 2.339832862383833, -7.48712111155802, -3.9752090984839956],[4.633629405635487, 8.43236921432052, 5.3590494448394885, 2.3881177515772283, -0.5849820545026834, -9.191002113188258, -2.1921545053428293, 9.333489870760353, 4.772843014356011, 5.087960338852927, 0.6755670574981778, 5.232970737816968, -6.515368546678815, -4.840185454424011, -1.8193058350503826, -0.7227258541514043],[9.330004654826741, 1.0295571389024758, 4.42264445799313, -9.223148701939845, 3.1378038936995374, 5.7095999427734885, 3.902232091396435, 0.7959909936431924, -8.3326366229105, -7.79179976517179, -8.210971227909312, 6.5637424705995215, 3.2079485162368666, -6.820110758086488, 8.489234598145977, 2.4836363453318313],[-2.2243508836604997, -8.602678333723503, 7.449468342870759, -7.953666818006091, 0.3671522069335449, -6.208664237834953, -8.656438521454303, -6.896211577622189, -4.234092539332743, 1.291887550259263, -7.52569653454726, 2.636671246497432, 2.007029911785212, 0.8279316258777065, -8.731994068526419, 6.084955114419618],[1.1457213128789494, 8.82901185695389, 2.0635507144384206, 2.5886078771673766, 4.071893860059305, -0.618252602385267, 8.42837471104168, -4.019428536485732, -7.248730145427677, 2.1812173418611263, 3.3147417062475597, 6.640895594260954, -0.9222202925097971, 2.808184917410019, -6.120678350731106, -1.6463490443381374]];biases=[1.9297073635130282, 0.9096490322334319, -7.428878234527518, -2.879488547941394, -0.024155616475846742, 5.332079184002094, -7.976981888740065, -0.5872903000693501, 2.6763407600314775, 1.1907824498750266, -2.978822125125138, 7.966672302432407, 5.978905442598922, -9.59922306820389, -4.118161831129006, 6.908651925398395];activationFunc=ReLu}
layer2: Layer{weights=[[9.634878746892038, 1.4465632989507675, -3.5621373291830487, 9.370147794368282, -1.7295718130281674, -6.885888034601253, -8.035218428564605, 6.2827843942456525, 9.729087776876856, -0.5898239657007327, -3.5395814607493525, -6.175080433541766, 8.287302342839926, -6.078479540003315, 6.7609902966799105, 5.581628542486845]];biases=[-8.738435268876918];activationFunc=Sigmoid}
]
}
NeuralNetwork{
Number_of_neurons: [5,16,16,1]
layers:
[layer0: Layer{weights=[[0.06959118355650418, -3.9584141111051707, 7.7646714147926374, -7.836906681949499, 8.475700048370346],[3.255538799357698, -6.70252533300741, -8.89897155199881, 9.683085073596253, 8.562726256088602],[7.730987490454972, 5.896562536538063, 3.156809191317933, -1.6743884457532445, -4.391099213388793],[1.0860697106429402, -3.26389322539508, -7.357360563318456, -6.01548183034776, -0.3811970485776168],[-0.8594064029040744, 6.339165842457973, 9.197848555325344, 5.674737719583092, -6.919890084397262],[-5.358759852924317, -6.56870645432212, -8.218411506993784, -2.538508835806022, 4.858834640198955],[4.492500220620318, 1.827536930436855, -8.673391543065565, -9.69265621093359, -4.932145709401359],[6.22113942377095, 1.6170925560178553, 0.3521931642574927, 1.61237078231445, 2.6061660235903172],[-8.194969905320145, 6.26448613499387, 8.430495069240166, -9.807364748752045, -8.951220453644408],[-2.332828378728033, 5.764295767623949, -6.046783433040497, 9.519802420410834, -3.4147792726043154],[5.939771234777439, -4.964744885307876, -5.688960216670975, 6.336542499505725, -1.3400758490240872],[-7.116434334781127, -0.15717654817818527, 5.398129354913845, -3.271359523321884, -3.324386486319659],[5.695448225197058, -3.0642366189341885, -0.09809866829305847, 4.280301494909924, 5.9706678159978726],[0.6180695526009572, -6.007344836379018, 3.6642183434745412, -1.1544168866278675, 3.5596246537129197],[-8.97979687402971, 0.2531655099179897, 4.816505080897937, -5.820271372304173, 5.603541427479694],[1.0590600313452665, -0.7496888127824448, -4.462049955320094, 2.8689717616092807, 2.284206267153497]];biases=[3.3194165812780803, 7.932808999156556, -8.274266363132964, 1.1119373561234003, -6.9192281892037055, -3.92889733424445, -8.900803858687077, -1.153580434426523, 0.998001597196696, -0.33110941448105713, 7.777342582922248, -1.0626877255494254, 3.483410443035188, 7.602707344141855, 4.1896985318349085, 2.99541888062517];activationFunc=ReLu}
layer1: Layer{weights=[[-2.2940053726701155, -1.4844926857959813, 6.133477230190671, -9.108911015021011, 4.68638790966458, 3.4703870418496425, -8.403174468239872, 8.420204694611925, -9.993319988044915, -9.966009378286056, -8.068109169660922, -1.9500129370397428, 7.347752397564491, 5.431610700865704, -9.781898339290994, -4.301064781578066],[-0.005909390040596207, 4.304096004584503, -9.562533490589765, -8.946367026947213, 4.038355592506456, -8.609775075074815, 7.353801474457107, -0.5136690234119907, 9.82713484626283, 2.285181916059038, 0.7940944272940325, -3.909121473183273, 8.966007141813819, -8.51114375343457, 4.773270564083296, -3.8477544361819938],[-7.96354614885143, -1.9171624244236192, -9.160937361758156, -0.5231375506276699, -9.073212439076627, 3.523998987284809, 6.612149219095972, 1.6523583092199097, 1.956380620735981, 4.35215732949553, 1.1526754600337377, -4.844412039375454, -9.26231996305515, 1.9389901637654638, 1.2841831518657045, 0.37677263496111735],[9.270069169229888, -2.9558409222076705, -6.533882847121695, 0.48206626634704364, 5.741809314135001, -9.842282992523415, 7.045414239618417, 3.5396663629067966, -1.0079121524918762, -3.025597725366551, -9.376454715915196, 1.9976894214814518, 0.4375521180761126, -3.8579604491665016, 2.3604427915957356, -6.5716779442160504],[-8.171730340750901, 4.049331793963226, -5.179749713310904, 9.167491040501432, 7.721214123495301, 9.457996446806135, -4.52688003002125, -7.385467827091976, -0.009175899303297541, -6.103769751301639, 9.2270784084, 4.469890096954197, -0.46599670939113125, -5.3974574105407775, 6.009882402596254, -4.366294362431924],[-5.582922976105724, 5.475634188239978, 0.20973322684390716, 1.1062827730548097, -9.36900532751845, -3.687058328085109, 3.4576334704538993, 3.674413281397637, 6.750114339101366, -9.177953140789306, -7.371015735612739, -6.292403208637179, -7.994753883854166, -9.875402514244396, 7.126177097200596, -8.380527852630653],[-2.652115012867567, 6.565322075182348, 4.428907016666015, 3.168507427630953, 0.9071674968189747, 7.826943564902432, 6.60261247241726, -6.5081672917249955, 8.679973762289702, -3.8212207200411807, -1.4870047674370177, -1.8241080525380777, -0.908659959706398, -2.7010405389293313, -1.837972692198111, -9.313207437184982],[-8.30103722693094, -7.312129594211514, -9.672881723133433, 0.646823245239931, 6.292315950840109, -6.0552371543018735, 8.218289250440932, 2.8139646497156683, -1.375904637757655, -0.6497035283491215, -3.652384935489441, 9.941545350112552, -7.7555340802026755, 0.13960558103982557, -8.940884732709973, 1.5444925419090403],[2.708536464973509, -8.113902154731075, -8.991515895120914, -0.42453136722414797, 3.1956859012217276, -7.07491002936893, 4.0248968531442735, 0.9776142974524777, 8.102516973412918, -0.4947976901343374, 0.9796813836229639, -8.71677241267941, -2.5167056055695554, 8.432469152114262, -2.076602089510418, 3.0849093764376754],[-2.776067638838673, -7.559050449108429, -8.232345860535123, 1.881772320328965, 7.90632476186336, -1.395758258139253, 1.5867059595039805, -0.09810255557004943, -7.52910974110817, -7.686245544730879, -6.051000493070364, -5.777954602821504, 3.7535535214901756, -6.913670670766388, 0.9652584824699346, -7.172973780814242],[-3.2521451511288486, 1.8516035275373959, 7.872985993222596, -2.0145505972604187, -7.587888848358009, 9.932337613775651, 2.6195134604923958, -6.6435860704906835, -2.9177881954784617, -4.353337639054356, 3.584443878923773, -0.5237545350063542, 8.53756325103367, -6.773090207922641, 4.746691262547444, -9.699934574705635],[9.64014550042323, 9.650342866872247, -0.26753983189271935, 7.447039001131273, -5.0429194827705075, 3.4689015531592045, 8.885096262503438, -4.679335093525172, 9.320729187656045, -4.513316078674274, 8.887407393703366, -6.740257259085729, 9.135670823203967, 2.339832862383833, -7.48712111155802, -3.9752090984839956],[7.764559018052605, 8.43236921432052, 6.899384290288097, 2.3881177515772283, -0.5849820545026834, -9.191002113188258, -2.1921545053428293, 9.333489870760353, 4.772843014356011, 5.087960338852927, 0.6755670574981778, 5.232970737816968, -6.515368546678815, -4.840185454424011, -1.8193058350503826, -0.7227258541514043],[1.8275270014022222, 1.0295571389024758, 4.42264445799313, 7.465086296111444, -3.1871070465275064, 0.23453619886953447, 3.902232091396435, 0.7959909936431924, -0.5900054797428496, -7.79179976517179, -8.210971227909312, 6.5637424705995215, 3.2079485162368666, -6.820110758086488, 8.489234598145977, 2.4836363453318313],[-2.2243508836604997, -8.602678333723503, 7.449468342870759, -7.953666818006091, 2.158017708210041, -6.208664237834953, -8.656438521454303, -6.896211577622189, -4.234092539332743, 1.291887550259263, -5.49982856923971, 2.636671246497432, 2.007029911785212, 6.234383584557797, -8.731994068526419, 6.084955114419618],[1.1457213128789494, 8.82901185695389, 2.0635507144384206, 2.5886078771673766, 4.071893860059305, -0.618252602385267, 8.42837471104168, -4.019428536485732, -7.248730145427677, 2.1812173418611263, -9.910360430981582, 4.616614358259156, -0.9222202925097971, -3.040450287502532, -6.120678350731106, -1.6463490443381374]];biases=[1.9297073635130282, 0.9096490322334319, 7.992115484529023, -2.879488547941394, -0.024155616475846742, 9.545781596195802, -6.605930858296931, -0.5872903000693501, 2.6763407600314775, 1.1907824498750266, -2.978822125125138, 7.966672302432407, 5.978905442598922, -9.59922306820389, -4.118161831129006, 6.908651925398395];activationFunc=ReLu}
layer2: Layer{weights=[[9.634878746892038, 1.4465632989507675, -3.5621373291830487, 9.370147794368282, -1.7295718130281674, -6.885888034601253, -8.035218428564605, 6.2827843942456525, 9.729087776876856, -0.5898239657007327, -3.5395814607493525, -6.175080433541766, 8.287302342839926, -6.078479540003315, 6.7609902966799105, 5.581628542486845]];biases=[-8.738435268876918];activationFunc=Sigmoid}
]
}
NeuralNetwork{
Number_of_neurons: [5,16,16,1]
layers:
[layer0: Layer{weights=[[-2.6232686142076016, -3.9584141111051707, 7.7646714147926374, -7.836906681949499, 8.475700048370346],[3.255538799357698, -6.70252533300741, 5.060300737686362, -4.283879683647069, 8.562726256088602],[7.730987490454972, -6.777327770559709, 3.156809191317933, 0.8940848925696248, -4.391099213388793],[1.0860697106429402, -3.26389322539508, -7.357360563318456, -6.01548183034776, 6.581497956024851],[-0.8594064029040744, 6.339165842457973, 5.686919946111333, 5.674737719583092, -6.919890084397262],[3.083663731236131, -6.56870645432212, -8.218411506993784, 2.250195409916687, 7.377944319195848],[4.492500220620318, 1.827536930436855, -5.083438496777335, 6.590766361832998, -4.932145709401359],[6.22113942377095, 1.6170925560178553, 0.3521931642574927, -4.440175638991, 2.6061660235903172],[-8.194969905320145, 6.26448613499387, 8.430495069240166, -9.807364748752045, -8.951220453644408],[-9.936598368655218, -8.856042862626015, -6.046783433040497, -7.171442933039199, -3.4147792726043154],[5.939771234777439, -4.964744885307876, 9.917694554029715, 6.336542499505725, -1.3400758490240872],[-7.116434334781127, -0.15717654817818527, 5.398129354913845, -3.271359523321884, -3.324386486319659],[-8.297282888344938, -3.0642366189341885, -0.09809866829305847, 4.280301494909924, 5.9706678159978726],[0.6180695526009572, -6.007344836379018, 3.6642183434745412, -7.873054368442494, 3.5596246537129197],[-8.97979687402971, 0.2531655099179897, 4.816505080897937, -5.820271372304173, 5.603541427479694],[-8.934451604758387, -0.7496888127824448, -4.462049955320094, 2.8689717616092807, 2.284206267153497]];biases=[3.3194165812780803, -4.763772343273374, 3.5484000436248877, 1.1119373561234003, -6.9192281892037055, 0.8323284511777871, 8.862404661751128, -1.153580434426523, 0.998001597196696, -0.33110941448105713, 7.777342582922248, -1.0626877255494254, -3.8776835444236752, 7.602707344141855, 4.1896985318349085, 2.99541888062517];activationFunc=ReLu}
layer1: Layer{weights=[[-2.2940053726701155, -1.4844926857959813, 6.133477230190671, -9.108911015021011, 4.68638790966458, 3.4703870418496425, -8.403174468239872, 8.420204694611925, -9.993319988044915, -9.966009378286056, -8.068109169660922, -1.9500129370397428, 7.347752397564491, 5.431610700865704, -9.781898339290994, 1.17153689475127],[-0.005909390040596207, 4.304096004584503, -6.413724704051537, -8.946367026947213, 4.038355592506456, -8.609775075074815, -9.427412813394483, 9.036532398964482, 9.82713484626283, 2.285181916059038, 0.7940944272940325, -3.909121473183273, 8.966007141813819, -8.51114375343457, 4.773270564083296, -3.8477544361819938],[-3.3379718163536225, -1.9171624244236192, -9.160937361758156, -0.5231375506276699, 1.3600972982297233, 3.523998987284809, 6.612149219095972, 1.6523583092199097, 1.956380620735981, 4.35215732949553, 1.1526754600337377, -6.397376522133369, -9.26231996305515, 1.9389901637654638, -7.7518941631476235, 0.37677263496111735],[9.270069169229888, -2.9558409222076705, -6.533882847121695, 0.48206626634704364, 5.741809314135001, -9.842282992523415, 7.045414239618417, 3.5396663629067966, -7.831046178123771, -3.025597725366551, -9.376454715915196, 1.9976894214814518, 0.4375521180761126, -3.8579604491665016, 2.3604427915957356, -7.125720386385983],[-8.171730340750901, 4.049331793963226, -5.179749713310904, -3.513851990244124, 7.721214123495301, -1.6152546037442796, -2.2653180443250287, 3.808504645127993, -0.009175899303297541, -6.103769751301639, 9.2270784084, 4.469890096954197, -0.46599670939113125, -5.3974574105407775, 6.009882402596254, -4.366294362431924],[-5.582922976105724, 5.475634188239978, 0.20973322684390716, 1.1062827730548097, -9.36900532751845, -3.687058328085109, 3.4576334704538993, 3.674413281397637, 6.750114339101366, 2.5582248197494692, 3.9439061944278198, -6.292403208637179, 3.4372411883675564, -9.875402514244396, 7.126177097200596, -8.380527852630653],[-2.652115012867567, 9.23538011867026, 4.428907016666015, 3.168507427630953, -0.7350915596255874, 7.826943564902432, 6.60261247241726, -6.5081672917249955, 8.679973762289702, -3.8212207200411807, -1.4870047674370177, -1.8241080525380777, -0.908659959706398, -2.7010405389293313, -1.837972692198111, -9.313207437184982],[5.032430612950073, -3.9232311358888587, -9.672881723133433, 9.995809582862318, 6.0467946506188, -6.0552371543018735, 4.416493810327978, 2.8139646497156683, -1.375904637757655, -0.6497035283491215, -3.652384935489441, 9.941545350112552, -7.7555340802026755, 0.13960558103982557, -8.940884732709973, 1.5444925419090403],[9.910493985301756, -8.113902154731075, 2.1238663930565806, -0.42453136722414797, 6.146402239364079, -6.990225183096146, 4.0248968531442735, 0.9776142974524777, 8.102516973412918, -7.169683393684199, 0.9796813836229639, -8.545417023728806, -2.5167056055695554, 8.432469152114262, 9.678889832232322, 3.0849093764376754],[-2.776067638838673, -7.559050449108429, -8.232345860535123, 1.881772320328965, 7.90632476186336, -1.395758258139253, 1.5867059595039805, -1.1396296176632337, -7.52910974110817, -7.686245544730879, -6.051000493070364, 7.0369276458947, 7.369545006833892, -4.311722218537146, 0.9652584824699346, 4.603824980525641],[-3.2521451511288486, 8.075646423680244, 7.872985993222596, -2.0145505972604187, -7.587888848358009, 9.932337613775651, 2.6195134604923958, -6.6435860704906835, -2.9177881954784617, -4.353337639054356, 3.584443878923773, -0.5237545350063542, -2.405908523102685, -6.773090207922641, 4.746691262547444, -6.910480666081098],[9.64014550042323, 9.650342866872247, -0.26753983189271935, -9.24354811984551, -5.0429194827705075, 3.4689015531592045, 8.885096262503438, -4.679335093525172, 9.320729187656045, -4.513316078674274, 8.887407393703366, -6.740257259085729, 9.135670823203967, 2.339832862383833, -7.48712111155802, -3.9752090984839956],[4.633629405635487, 8.43236921432052, 6.899384290288097, 2.3881177515772283, -0.5849820545026834, -9.191002113188258, -2.1921545053428293, 3.8527686527022134, 4.772843014356011, 5.087960338852927, 0.6755670574981778, 5.232970737816968, -6.515368546678815, -4.840185454424011, -1.8193058350503826, -0.7227258541514043],[9.301710508139656, 1.0295571389024758, 4.42264445799313, 7.465086296111444, -3.1871070465275064, -5.6750098761224095, 6.068500934522696, -4.558409201705665, -9.507810769004921, -7.79179976517179, -8.210971227909312, 6.5637424705995215, 3.2079485162368666, -6.820110758086488, 8.489234598145977, 2.4836363453318313],[-2.2243508836604997, -8.602678333723503, -2.895718961587546, -7.953666818006091, 2.158017708210041, -6.208664237834953, -8.656438521454303, -6.896211577622189, -4.234092539332743, 1.291887550259263, -5.49982856923971, 2.636671246497432, 2.007029911785212, 6.234383584557797, 0.9943116342724991, 6.084955114419618],[1.1457213128789494, -6.432407904415369, 2.0635507144384206, 2.5886078771673766, 4.071893860059305, -0.618252602385267, 8.42837471104168, -4.019428536485732, -7.248730145427677, 2.1812173418611263, 3.3147417062475597, 6.640895594260954, -0.9222202925097971, 2.808184917410019, -6.120678350731106, -1.6463490443381374]];biases=[1.9297073635130282, 0.9096490322334319, 7.992115484529023, -2.879488547941394, -0.024155616475846742, 5.332079184002094, -7.976981888740065, -0.5872903000693501, 2.6763407600314775, 1.1907824498750266, -2.978822125125138, 7.966672302432407, 5.978905442598922, -9.59922306820389, -4.118161831129006, 6.908651925398395];activationFunc=ReLu}
layer2: Layer{weights=[[9.634878746892038, 1.0294190443410063, -3.5621373291830487, 9.370147794368282, -1.7295718130281674, -6.885888034601253, -8.035218428564605, 6.2827843942456525, 9.729087776876856, -0.5898239657007327, -3.5395814607493525, -4.210647896764375, 8.287302342839926, -6.078479540003315, 4.968481632635797, 5.581628542486845]];biases=[-8.738435268876918];activationFunc=Sigmoid}
]
}
NeuralNetwork{
Number_of_neurons: [5,16,16,1]
layers:
[layer0: Layer{weights=[[-6.802759036545991, -3.9584141111051707, 7.7646714147926374, -7.836906681949499, 8.475700048370346],[-8.93703815851903, -6.70252533300741, 5.060300737686362, 9.683085073596253, 5.483766307313502],[7.730987490454972, -6.777327770559709, 3.156809191317933, -1.6743884457532445, -4.391099213388793],[1.0860697106429402, -3.26389322539508, 7.024436152331482, -6.01548183034776, 6.581497956024851],[-0.8594064029040744, 6.339165842457973, -3.3368474073287153, 5.674737719583092, -6.919890084397262],[-5.358759852924317, -6.56870645432212, -8.218411506993784, -2.538508835806022, -3.198439102278739],[9.036863116217972, 1.827536930436855, -5.083438496777335, -9.69265621093359, -4.932145709401359],[6.22113942377095, 1.6170925560178553, 0.3521931642574927, 6.638298486879794, -2.0588533095173966],[-8.194969905320145, 2.993211327097928, 8.430495069240166, 4.0270827987139945, -8.951220453644408],[-2.332828378728033, 5.764295767623949, -6.046783433040497, -7.171442933039199, -3.4147792726043154],[5.939771234777439, -4.964744885307876, -5.688960216670975, 6.336542499505725, -1.3400758490240872],[-7.116434334781127, -0.15717654817818527, -4.920099505312477, -3.271359523321884, -3.324386486319659],[2.159810171477101, -3.0642366189341885, 2.8476354755005886, 4.280301494909924, 5.9706678159978726],[0.6180695526009572, 8.254169364109927, 3.6642183434745412, -1.1544168866278675, 3.5596246537129197],[-8.97979687402971, 0.2531655099179897, 4.816505080897937, -5.820271372304173, 5.603541427479694],[-8.934451604758387, -0.7496888127824448, -4.462049955320094, 2.8689717616092807, 2.284206267153497]];biases=[3.3194165812780803, -4.763772343273374, 3.5484000436248877, 1.1119373561234003, -6.9192281892037055, 0.8323284511777871, 8.862404661751128, -1.153580434426523, 0.998001597196696, -0.33110941448105713, 7.777342582922248, -1.0626877255494254, 3.483410443035188, 7.602707344141855, 8.49942864386388, 2.99541888062517];activationFunc=ReLu}
layer1: Layer{weights=[[-2.2940053726701155, -1.4844926857959813, 6.133477230190671, -9.108911015021011, 4.68638790966458, 3.4703870418496425, -8.403174468239872, 8.420204694611925, -1.4118221838186713, -9.966009378286056, 0.49861622188880794, -1.9500129370397428, 7.347752397564491, 5.431610700865704, -9.781898339290994, -4.301064781578066],[-0.005909390040596207, 4.304096004584503, -9.562533490589765, -8.946367026947213, 4.038355592506456, -8.609775075074815, 6.161608955828612, 9.036532398964482, 9.82713484626283, 2.285181916059038, 0.7940944272940325, -3.909121473183273, 8.966007141813819, 9.569565642260464, 4.773270564083296, -3.8477544361819938],[-3.3379718163536225, -1.9171624244236192, -9.160937361758156, -6.396475023254206, -9.073212439076627, -4.465171964233217, 4.118088573402762, 1.6523583092199097, 1.956380620735981, 4.35215732949553, 1.1526754600337377, -6.397376522133369, -9.26231996305515, 1.9389901637654638, -7.7518941631476235, 0.37677263496111735],[9.270069169229888, -2.9558409222076705, -6.533882847121695, 0.48206626634704364, 5.741809314135001, -9.842282992523415, 7.045414239618417, 3.5396663629067966, -7.831046178123771, -3.025597725366551, -9.376454715915196, 1.9976894214814518, 0.4375521180761126, 5.164311676178805, 2.3604427915957356, -7.125720386385983],[-8.171730340750901, 4.049331793963226, -5.179749713310904, 9.167491040501432, 7.721214123495301, 9.457996446806135, -4.52688003002125, -7.385467827091976, -0.009175899303297541, -6.103769751301639, 9.2270784084, 4.469890096954197, -0.46599670939113125, -5.3974574105407775, 6.009882402596254, -4.366294362431924],[-5.582922976105724, 5.475634188239978, 0.20973322684390716, 1.1062827730548097, -9.36900532751845, -3.687058328085109, 3.4576334704538993, 3.674413281397637, 6.750114339101366, -9.177953140789306, 3.124721837661049, -6.292403208637179, 3.4372411883675564, -9.875402514244396, 7.126177097200596, -8.380527852630653],[-2.652115012867567, 6.565322075182348, -3.854959028394922, 3.168507427630953, -7.947917556887689, 7.826943564902432, -6.468038570712375, -6.5081672917249955, 8.679973762289702, -3.8212207200411807, -1.4870047674370177, -1.8241080525380777, 8.2131724180894, -2.7010405389293313, -1.837972692198111, -9.313207437184982],[5.032430612950073, 4.712656268943984, -9.672881723133433, 0.646823245239931, 6.0467946506188, -6.0552371543018735, 8.218289250440932, 2.8139646497156683, -1.375904637757655, -0.6497035283491215, -3.652384935489441, 9.941545350112552, -7.7555340802026755, 0.13960558103982557, -8.940884732709973, 1.5444925419090403],[9.910493985301756, -8.113902154731075, 2.1238663930565806, -0.42453136722414797, 6.146402239364079, -7.07491002936893, 4.0248968531442735, 0.9776142974524777, 8.102516973412918, -0.4947976901343374, 0.9796813836229639, -8.71677241267941, -2.5167056055695554, 8.432469152114262, -2.076602089510418, 3.0849093764376754],[-2.776067638838673, -7.559050449108429, -8.232345860535123, 1.881772320328965, -8.551630457007997, -8.819672013566866, 1.5867059595039805, -1.1396296176632337, -7.52910974110817, -7.686245544730879, -6.051000493070364, -5.777954602821504, 3.7535535214901756, -4.311722218537146, 0.9652584824699346, 4.603824980525641],[-3.2521451511288486, 8.075646423680244, 7.872985993222596, -2.0145505972604187, 9.272895957886341, 9.932337613775651, 2.6195134604923958, -0.8783771531237754, -2.5010942576177246, -4.353337639054356, 3.584443878923773, -0.5237545350063542, -2.405908523102685, -6.773090207922641, 4.746691262547444, -6.910480666081098],[9.64014550042323, 9.650342866872247, -0.26753983189271935, 7.447039001131273, -5.0429194827705075, 3.4689015531592045, 8.885096262503438, -4.679335093525172, 9.320729187656045, -4.513316078674274, 8.887407393703366, -6.740257259085729, 9.135670823203967, 2.339832862383833, -7.48712111155802, -0.6287376949786623],[4.633629405635487, 8.43236921432052, 6.899384290288097, 2.789435647609297, -0.5849820545026834, -9.191002113188258, -2.1921545053428293, 9.333489870760353, 4.772843014356011, 5.087960338852927, 0.6755670574981778, -6.373103892505803, -6.515368546678815, -4.840185454424011, -1.8193058350503826, 5.29622542750014],[9.301710508139656, 1.0295571389024758, 4.42264445799313, 7.465086296111444, -3.1871070465275064, 5.7095999427734885, 3.902232091396435, 3.454948667249319, -8.3326366229105, 2.756606238781643, -8.210971227909312, 6.5637424705995215, 3.2079485162368666, -6.820110758086488, 8.489234598145977, 2.4836363453318313],[-2.2243508836604997, -9.328379418559866, 7.449468342870759, -7.953666818006091, 2.158017708210041, -7.724134874186552, -8.656438521454303, -6.896211577622189, -4.234092539332743, 1.291887550259263, -5.49982856923971, 2.636671246497432, 2.007029911785212, 6.234383584557797, -8.731994068526419, 6.084955114419618],[1.1457213128789494, 8.82901185695389, -3.416209728362536, 2.5886078771673766, 4.071893860059305, -0.618252602385267, 8.42837471104168, -4.019428536485732, -7.248730145427677, 2.1812173418611263, 3.3147417062475597, 6.640895594260954, -0.9222202925097971, 2.808184917410019, -6.120678350731106, -1.6463490443381374]];biases=[1.9297073635130282, 0.9096490322334319, 7.992115484529023, -2.879488547941394, -0.024155616475846742, 5.332079184002094, -7.976981888740065, -0.5872903000693501, 2.6763407600314775, 1.1907824498750266, -2.978822125125138, 5.52355562570143, 5.978905442598922, -9.59922306820389, -4.118161831129006, -0.209331665300601];activationFunc=ReLu}
layer2: Layer{weights=[[1.3464881059524636, 1.4465632989507675, -3.5621373291830487, 9.370147794368282, -1.7295718130281674, -6.885888034601253, -8.035218428564605, 6.2827843942456525, 9.729087776876856, 4.027932659474496, -3.5395814607493525, -6.175080433541766, 8.287302342839926, -6.078479540003315, 6.7609902966799105, -3.506458547796207]];biases=[-8.738435268876918];activationFunc=Sigmoid}
]
}
NeuralNetwork{
Number_of_neurons: [5,16,16,1]
layers:
[layer0: Layer{weights=[[7.92569527502766, -3.9584141111051707, 7.7646714147926374, -7.836906681949499, 8.475700048370346],[3.255538799357698, -6.70252533300741, 5.060300737686362, 9.683085073596253, 8.562726256088602],[7.730987490454972, -6.777327770559709, 3.156809191317933, -1.6743884457532445, -4.391099213388793],[1.0860697106429402, 5.493764115549418, -7.357360563318456, -6.01548183034776, 6.581497956024851],[-0.8594064029040744, 6.339165842457973, -3.3368474073287153, 5.674737719583092, -6.919890084397262],[-5.358759852924317, -9.61141797843924, -8.218411506993784, -2.538508835806022, 7.377944319195848],[4.492500220620318, 1.827536930436855, -5.083438496777335, -9.69265621093359, -4.932145709401359],[3.0623294161425925, 1.6170925560178553, 0.3521931642574927, 6.638298486879794, 2.6061660235903172],[-8.194969905320145, 6.26448613499387, 8.430495069240166, -9.807364748752045, -8.951220453644408],[-2.332828378728033, 5.764295767623949, -6.046783433040497, -7.171442933039199, -3.4147792726043154],[5.939771234777439, -0.8342091123254711, -5.688960216670975, 6.336542499505725, -1.3400758490240872],[-7.116434334781127, -0.15717654817818527, 5.398129354913845, -5.597582624611464, -3.324386486319659],[5.695448225197058, -3.0642366189341885, -0.09809866829305847, 4.280301494909924, 5.9706678159978726],[0.6180695526009572, -6.007344836379018, 3.6642183434745412, -1.1544168866278675, 3.5596246537129197],[-8.97979687402971, 0.2531655099179897, -9.64404751169871, -5.820271372304173, 5.603541427479694],[-8.934451604758387, -0.7496888127824448, -4.462049955320094, 2.8689717616092807, 2.284206267153497]];biases=[3.3194165812780803, -4.763772343273374, 3.5484000436248877, 1.1119373561234003, -6.9192281892037055, 0.8323284511777871, 8.862404661751128, -1.153580434426523, 0.998001597196696, -0.33110941448105713, 7.777342582922248, -1.0626877255494254, 3.483410443035188, 7.602707344141855, 4.1896985318349085, -7.036689128731002];activationFunc=ReLu}
layer1: Layer{weights=[[-2.2940053726701155, -1.4844926857959813, 6.133477230190671, -9.108911015021011, 4.68638790966458, 3.4703870418496425, -8.403174468239872, 8.420204694611925, -9.993319988044915, -9.966009378286056, -8.068109169660922, -1.9500129370397428, 7.347752397564491, 5.431610700865704, -9.781898339290994, -4.301064781578066],[-0.005909390040596207, 4.304096004584503, -9.562533490589765, -8.946367026947213, 4.038355592506456, -8.609775075074815, 6.161608955828612, 9.036532398964482, -0.8798351201539347, 2.285181916059038, 0.7940944272940325, -3.909121473183273, 8.966007141813819, -8.51114375343457, 4.773270564083296, -3.8477544361819938],[-3.3379718163536225, -1.9171624244236192, -9.160937361758156, -0.5231375506276699, -9.073212439076627, 3.523998987284809, 6.612149219095972, -0.48855992406101834, 1.956380620735981, 4.35215732949553, 1.1526754600337377, -6.397376522133369, -9.26231996305515, 1.9389901637654638, -7.7518941631476235, 0.37677263496111735],[9.270069169229888, -2.9558409222076705, -6.533882847121695, 0.48206626634704364, 5.741809314135001, -9.842282992523415, 7.045414239618417, 3.5396663629067966, -7.831046178123771, -3.025597725366551, -9.376454715915196, 1.9976894214814518, 0.4375521180761126, -3.8579604491665016, 2.3604427915957356, -7.125720386385983],[-8.171730340750901, -3.309199780787382, -5.179749713310904, 9.167491040501432, 7.721214123495301, 9.457996446806135, -4.52688003002125, -7.385467827091976, -0.009175899303297541, -6.103769751301639, 9.2270784084, -9.679098960650098, -0.46599670939113125, -5.3974574105407775, 6.009882402596254, -4.366294362431924],[-5.582922976105724, 5.475634188239978, 0.20973322684390716, 1.1062827730548097, -9.36900532751845, -6.276842598417057, 3.4576334704538993, 3.674413281397637, -9.21360014852869, -9.177953140789306, 3.9439061944278198, -6.292403208637179, 3.4372411883675564, -9.875402514244396, 7.126177097200596, -8.380527852630653],[-2.652115012867567, 6.565322075182348, 4.428907016666015, 3.168507427630953, 0.9071674968189747, 7.826943564902432, 6.60261247241726, -6.5081672917249955, 8.679973762289702, -3.8212207200411807, -1.4870047674370177, -1.8241080525380777, -0.908659959706398, -2.7010405389293313, -1.837972692198111, -9.313207437184982],[5.032430612950073, -7.312129594211514, -9.672881723133433, 7.958413710178352, 6.0467946506188, -6.0552371543018735, 8.218289250440932, 2.8139646497156683, -1.375904637757655, -0.6497035283491215, -3.652384935489441, 9.941545350112552, 4.317709746516199, 0.13960558103982557, -8.940884732709973, 1.5444925419090403],[9.910493985301756, -8.113902154731075, 2.1238663930565806, -0.42453136722414797, 6.146402239364079, -7.07491002936893, 4.0248968531442735, -3.9154759168609026, 8.102516973412918, -0.4947976901343374, 0.9796813836229639, -8.71677241267941, 8.491739891227493, 8.432469152114262, -2.076602089510418, 3.0849093764376754],[-2.776067638838673, -7.559050449108429, -8.232345860535123, 1.881772320328965, 7.90632476186336, -1.395758258139253, 1.5867059595039805, -1.1396296176632337, -7.52910974110817, -7.686245544730879, -6.051000493070364, -5.777954602821504, 3.7535535214901756, -4.311722218537146, 0.9652584824699346, 4.603824980525641],[-3.2521451511288486, 5.567773987353959, 7.872985993222596, -2.0145505972604187, -3.0901250966406524, 9.932337613775651, 2.6195134604923958, -6.6435860704906835, -2.9177881954784617, -4.353337639054356, 3.584443878923773, -0.5237545350063542, -2.405908523102685, -6.773090207922641, 4.746691262547444, -6.910480666081098],[9.64014550042323, -2.956285454792516, -0.26753983189271935, 7.447039001131273, -7.19701213803968, 3.4689015531592045, 8.885096262503438, -4.679335093525172, 9.320729187656045, -4.513316078674274, 8.887407393703366, -6.740257259085729, 9.135670823203967, 2.339832862383833, -7.48712111155802, -3.9752090984839956],[-1.282062353098322, -2.7485135289650797, 6.899384290288097, 2.3881177515772283, -0.5849820545026834, -9.191002113188258, -2.1921545053428293, 9.333489870760353, 4.772843014356011, 5.087960338852927, 0.6755670574981778, 5.232970737816968, -6.515368546678815, -4.840185454424011, 2.984398025130421, -0.7227258541514043],[9.301710508139656, 1.0295571389024758, 4.42264445799313, 7.465086296111444, -3.1871070465275064, 5.7095999427734885, 3.902232091396435, 0.7959909936431924, -8.3326366229105, -7.79179976517179, -8.210971227909312, 6.5637424705995215, 3.2079485162368666, 6.591993136602898, 8.489234598145977, 2.4836363453318313],[-2.2243508836604997, -8.602678333723503, 7.449468342870759, -7.953666818006091, 8.010688718872206, -6.208664237834953, -8.656438521454303, -6.896211577622189, -4.234092539332743, 1.291887550259263, 0.857988815958791, 2.636671246497432, 2.007029911785212, 6.234383584557797, -8.731994068526419, 6.084955114419618],[1.1457213128789494, 8.82901185695389, 2.0635507144384206, 2.5886078771673766, 4.071893860059305, -0.618252602385267, 8.42837471104168, -4.019428536485732, -7.248730145427677, 2.1812173418611263, 3.3147417062475597, 6.640895594260954, -0.9222202925097971, 2.808184917410019, -6.120678350731106, -1.6463490443381374]];biases=[1.9297073635130282, 0.9096490322334319, 7.992115484529023, 1.2962038020982352, -0.024155616475846742, 5.332079184002094, -5.033668590779121, -0.5872903000693501, 2.6763407600314775, 1.1907824498750266, -3.7841610458402357, 7.966672302432407, 5.978905442598922, -9.59922306820389, -4.118161831129006, 6.908651925398395];activationFunc=ReLu}
layer2: Layer{weights=[[9.634878746892038, 1.4465632989507675, -3.5621373291830487, 9.370147794368282, -1.7295718130281674, -6.885888034601253, -8.035218428564605, 2.0440300945482903, 9.729087776876856, -0.5898239657007327, -3.5395814607493525, -6.175080433541766, 8.287302342839926, -6.078479540003315, 6.7609902966799105, 5.581628542486845]];biases=[-8.738435268876918];activationFunc=Sigmoid}
]
}
NeuralNetwork{
Number_of_neurons: [5,16,16,1]
layers:
[layer0: Layer{weights=[[-2.6232686142076016, -3.9584141111051707, 7.7646714147926374, -7.836906681949499, 8.475700048370346],[3.255538799357698, -6.70252533300741, 5.060300737686362, 9.683085073596253, 8.562726256088602],[7.730987490454972, -6.777327770559709, 3.156809191317933, -1.6743884457532445, -4.391099213388793],[1.0860697106429402, -3.26389322539508, -7.357360563318456, -6.01548183034776, 6.581497956024851],[-0.8594064029040744, 6.23099441635696, -3.3368474073287153, -4.703649817255466, -6.919890084397262],[-5.358759852924317, -6.56870645432212, -8.218411506993784, -2.538508835806022, 7.377944319195848],[4.492500220620318, 1.827536930436855, -5.083438496777335, -9.69265621093359, -4.932145709401359],[6.22113942377095, 1.6170925560178553, 0.3521931642574927, 6.638298486879794, 2.6061660235903172],[-4.5909604190623, 6.26448613499387, 8.430495069240166, -9.807364748752045, -8.951220453644408],[-2.0129719800845525, 3.4515277752025995, -6.046783433040497, -7.171442933039199, -8.95468903703173],[5.939771234777439, -4.964744885307876, -5.688960216670975, 6.336542499505725, -2.3135732712105117],[-7.116434334781127, -0.15717654817818527, 5.398129354913845, -3.271359523321884, -3.324386486319659],[5.695448225197058, -3.0642366189341885, -0.09809866829305847, 2.9903150824166147, 5.9706678159978726],[-9.051496631890629, -6.007344836379018, 3.6642183434745412, -1.1544168866278675, 3.5596246537129197],[-8.97979687402971, 0.2531655099179897, 4.816505080897937, -5.820271372304173, 5.603541427479694],[-8.934451604758387, -0.7496888127824448, -4.462049955320094, 2.8689717616092807, 2.284206267153497]];biases=[3.3194165812780803, -4.763772343273374, 3.5484000436248877, 1.1119373561234003, -6.9192281892037055, 0.8323284511777871, 8.862404661751128, -1.153580434426523, 0.998001597196696, -2.187754889450158, 7.777342582922248, -1.0626877255494254, 3.483410443035188, 7.602707344141855, 9.696007448997566, 2.99541888062517];activationFunc=ReLu}
layer1: Layer{weights=[[-2.2940053726701155, -9.644034645467357, 6.133477230190671, -9.108911015021011, 4.68638790966458, 3.4703870418496425, -8.403174468239872, 8.420204694611925, -9.993319988044915, -9.966009378286056, -4.9759471467535725, -1.9500129370397428, 7.347752397564491, 5.431610700865704, -9.781898339290994, -4.301064781578066],[-0.005909390040596207, 4.304096004584503, -9.562533490589765, -8.946367026947213, 4.038355592506456, -8.609775075074815, 6.161608955828612, 9.036532398964482, 9.82713484626283, 2.285181916059038, -9.367495703131372, -3.909121473183273, 8.966007141813819, -1.709825910697159, 4.773270564083296, -3.8477544361819938],[-3.3379718163536225, -1.9171624244236192, -9.160937361758156, -0.5231375506276699, 2.0191278801107426, 3.523998987284809, -1.4116449049031576, 1.6523583092199097, 1.956380620735981, 4.35215732949553, 1.1526754600337377, -6.397376522133369, -9.26231996305515, 1.9389901637654638, -7.7518941631476235, 9.852604230961848],[9.270069169229888, -2.9558409222076705, 3.6521699094585784, 0.48206626634704364, 5.741809314135001, -9.842282992523415, 7.045414239618417, 3.5396663629067966, -9.407634010831401, -3.025597725366551, -9.376454715915196, 1.9976894214814518, -0.9693927041161068, -3.8579604491665016, 2.3604427915957356, -7.125720386385983],[-8.171730340750901, 9.276554282140985, -5.179749713310904, 9.167491040501432, 2.091655554483527, 9.457996446806135, -4.52688003002125, -7.385467827091976, -0.009175899303297541, -6.103769751301639, 9.2270784084, 4.469890096954197, -0.46599670939113125, -5.3974574105407775, 6.009882402596254, -4.366294362431924],[-5.582922976105724, 5.475634188239978, 0.20973322684390716, -8.6583073815195, -9.36900532751845, -3.687058328085109, 3.4576334704538993, 9.922324899207023, 6.750114339101366, -9.177953140789306, 3.9439061944278198, -6.292403208637179, -0.19096780726917117, -9.875402514244396, 7.126177097200596, -8.380527852630653],[-2.652115012867567, 6.565322075182348, 4.428907016666015, 3.168507427630953, 0.9071674968189747, 7.826943564902432, 6.60261247241726, -6.5081672917249955, 8.679973762289702, -3.8212207200411807, -1.4870047674370177, -1.8241080525380777, -0.908659959706398, -2.7010405389293313, -1.837972692198111, -9.313207437184982],[4.105664496984865, -7.312129594211514, -9.672881723133433, 0.646823245239931, 6.0467946506188, -6.0552371543018735, -4.617721227604406, 2.8139646497156683, -1.375904637757655, -0.6497035283491215, -3.652384935489441, 9.941545350112552, -7.7555340802026755, 0.13960558103982557, -8.940884732709973, 1.5444925419090403],[-3.1715575719076794, -8.113902154731075, 2.1238663930565806, -0.42453136722414797, 6.146402239364079, -7.07491002936893, 4.0248968531442735, 0.9776142974524777, 8.102516973412918, -7.926557696184606, -8.671672947640683, 3.50371944138905, -2.5167056055695554, 8.432469152114262, -2.076602089510418, 3.0849093764376754],[-2.776067638838673, -7.559050449108429, -8.232345860535123, 1.881772320328965, 7.90632476186336, -1.395758258139253, 1.5867059595039805, -1.1396296176632337, -7.52910974110817, 4.420285283866921, -6.051000493070364, -5.777954602821504, 3.7535535214901756, -4.311722218537146, 0.9652584824699346, 4.603824980525641],[-3.2521451511288486, -2.9015610425939613, 7.872985993222596, -2.0145505972604187, -7.587888848358009, 9.932337613775651, 2.6195134604923958, -6.6435860704906835, -2.9177881954784617, -6.952878795268904, 3.584443878923773, -0.5237545350063542, -2.405908523102685, -6.773090207922641, 4.746691262547444, -6.910480666081098],[9.64014550042323, 9.650342866872247, -0.26753983189271935, 7.447039001131273, -5.0429194827705075, 3.4689015531592045, 8.885096262503438, -9.703873452418659, 9.320729187656045, -4.513316078674274, 8.887407393703366, -6.740257259085729, 9.135670823203967, -9.939981944358987, -7.48712111155802, -3.9752090984839956],[4.633629405635487, 8.43236921432052, 6.899384290288097, 2.3881177515772283, -0.5849820545026834, -9.191002113188258, -2.1921545053428293, 9.333489870760353, 4.772843014356011, 5.087960338852927, 0.6755670574981778, 5.232970737816968, 1.6275981924321599, -4.840185454424011, -1.8193058350503826, -0.7227258541514043],[9.301710508139656, 1.0295571389024758, 4.90400548095683, 7.465086296111444, -3.1871070465275064, 5.7095999427734885, 3.902232091396435, 0.7959909936431924, -8.3326366229105, -7.79179976517179, -8.210971227909312, 1.9822538240689713, 3.2079485162368666, -6.820110758086488, 8.669446728155386, 2.4836363453318313],[-2.2243508836604997, -8.602678333723503, 7.449468342870759, -7.953666818006091, 2.158017708210041, -6.208664237834953, -8.656438521454303, -6.896211577622189, -4.234092539332743, 1.291887550259263, -5.49982856923971, 2.636671246497432, 2.007029911785212, 6.234383584557797, -8.731994068526419, 6.084955114419618],[1.1457213128789494, -0.13143602502571738, 2.0635507144384206, 2.5886078771673766, 4.071893860059305, -0.618252602385267, 8.42837471104168, -4.019428536485732, -7.248730145427677, 2.1812173418611263, 3.3147417062475597, 6.640895594260954, 2.5158865974169746, 2.808184917410019, -6.120678350731106, 9.746812659354791]];biases=[1.9297073635130282, 0.9096490322334319, 3.7760775964428355, -2.879488547941394, -0.024155616475846742, 5.332079184002094, -7.976981888740065, -0.5872903000693501, 2.6763407600314775, 1.1907824498750266, -2.978822125125138, 7.966672302432407, 5.978905442598922, -9.59922306820389, -4.118161831129006, 6.908651925398395];activationFunc=ReLu}
layer2: Layer{weights=[[9.634878746892038, 1.4465632989507675, -3.5621373291830487, 9.370147794368282, -1.7295718130281674, -6.885888034601253, -8.035218428564605, 6.2827843942456525, 9.729087776876856, -0.5898239657007327, -3.5395814607493525, -6.175080433541766, 8.287302342839926, -6.078479540003315, 6.7609902966799105, 5.581628542486845]];biases=[3.4902952921766257];activationFunc=Sigmoid}
]
}
NeuralNetwork{
Number_of_neurons: [5,16,16,1]
layers:
[layer0: Layer{weights=[[-2.6232686142076016, -3.9584141111051707, 7.7646714147926374, -7.836906681949499, 2.983137344252178],[9.996157312381328, 0.32139060066166536, 5.060300737686362, 9.683085073596253, 8.562726256088602],[7.730987490454972, -6.777327770559709, 3.156809191317933, -1.6743884457532445, -4.391099213388793],[1.0860697106429402, -3.26389322539508, -7.357360563318456, -6.01548183034776, 6.581497956024851],[-0.8594064029040744, 6.339165842457973, -3.3368474073287153, 5.674737719583092, 8.153636316988305],[-5.358759852924317, -6.56870645432212, -8.218411506993784, -2.538508835806022, 7.377944319195848],[4.492500220620318, 1.827536930436855, -5.083438496777335, -9.69265621093359, -4.932145709401359],[6.22113942377095, 1.6170925560178553, 0.3521931642574927, 1.779818360764887, 2.6061660235903172],[-8.194969905320145, 6.26448613499387, 8.430495069240166, -9.807364748752045, -8.951220453644408],[-2.332828378728033, 5.764295767623949, -6.046783433040497, -7.171442933039199, -3.4147792726043154],[5.939771234777439, -4.964744885307876, -5.688960216670975, 2.7400202400724005, -1.3400758490240872],[-7.116434334781127, -0.15717654817818527, 5.398129354913845, -3.271359523321884, -3.324386486319659],[5.695448225197058, -3.0642366189341885, -0.09809866829305847, 4.280301494909924, 5.9706678159978726],[0.6180695526009572, -6.007344836379018, 3.6642183434745412, -1.1544168866278675, 3.5596246537129197],[-8.97979687402971, 0.2531655099179897, 4.816505080897937, -5.820271372304173, 5.603541427479694],[-8.934451604758387, -0.7496888127824448, -4.462049955320094, -5.5353494029093175, 2.284206267153497]];biases=[-5.228950245044808, -4.763772343273374, 3.5484000436248877, 1.1119373561234003, -6.9192281892037055, 0.8323284511777871, 8.862404661751128, -1.153580434426523, 0.998001597196696, -0.33110941448105713, 6.951251934231536, -1.0626877255494254, 3.483410443035188, -3.9209431872625196, 4.1896985318349085, 2.99541888062517];activationFunc=ReLu}
layer1: Layer{weights=[[-2.2940053726701155, -1.4844926857959813, 6.133477230190671, -9.108911015021011, 8.388664348860782, 3.4703870418496425, -8.917346591105296, 8.420204694611925, -9.993319988044915, -9.966009378286056, -8.068109169660922, -1.9500129370397428, 7.347752397564491, 5.431610700865704, -9.781898339290994, -1.516843835768606],[-0.005909390040596207, 4.304096004584503, -9.562533490589765, -8.946367026947213, 4.038355592506456, -8.609775075074815, 6.161608955828612, 9.036532398964482, 9.82713484626283, 2.285181916059038, -7.234164489212467, -3.909121473183273, 8.966007141813819, -8.51114375343457, 4.773270564083296, -3.8477544361819938],[-3.3379718163536225, -1.9171624244236192, -9.160937361758156, -0.5231375506276699, -9.073212439076627, 3.523998987284809, 6.612149219095972, 1.6523583092199097, 1.956380620735981, 4.35215732949553, 1.1526754600337377, -6.397376522133369, -9.26231996305515, 1.9389901637654638, -7.7518941631476235, 0.37677263496111735],[9.270069169229888, -2.9558409222076705, 8.07677029082463, 0.48206626634704364, 5.741809314135001, -9.842282992523415, 7.045414239618417, 3.5396663629067966, -7.831046178123771, -3.025597725366551, -9.376454715915196, 1.9976894214814518, -3.2430379982700437, -3.8579604491665016, 2.3604427915957356, -7.125720386385983],[-8.171730340750901, 4.049331793963226, 7.874925467072465, 9.167491040501432, 7.721214123495301, 9.457996446806135, -4.52688003002125, -7.385467827091976, 3.416796426160005, -6.103769751301639, -1.0652447210420224, 4.469890096954197, -0.46599670939113125, -5.3974574105407775, 6.009882402596254, -4.366294362431924],[-5.582922976105724, -9.2964897097524, 0.20973322684390716, 1.1062827730548097, -9.36900532751845, 4.186633514606957, 8.191024236840075, 8.29699104479754, 6.750114339101366, -9.177953140789306, 3.9439061944278198, -2.90736505661485, 3.4372411883675564, -9.875402514244396, 4.1739765673790465, -8.380527852630653],[-2.652115012867567, 6.565322075182348, 4.428907016666015, 3.168507427630953, 0.9071674968189747, 7.826943564902432, 6.60261247241726, -6.5081672917249955, 8.679973762289702, -3.8212207200411807, -1.4870047674370177, -1.8241080525380777, -0.908659959706398, -2.7010405389293313, -1.837972692198111, -9.313207437184982],[5.032430612950073, -7.312129594211514, -9.672881723133433, 0.646823245239931, 6.0467946506188, -6.0552371543018735, 8.218289250440932, 2.8139646497156683, -1.375904637757655, -0.6497035283491215, 9.598672374067487, 9.941545350112552, -7.7555340802026755, 0.13960558103982557, -8.940884732709973, 1.5444925419090403],[6.291068365199173, -8.113902154731075, 2.1238663930565806, -0.42453136722414797, 6.146402239364079, -7.07491002936893, 4.0248968531442735, 0.9776142974524777, -1.8506929303784112, -9.632462318049338, 0.9796813836229639, -8.71677241267941, -2.5167056055695554, 8.432469152114262, -2.076602089510418, 3.0849093764376754],[-2.776067638838673, -7.559050449108429, -8.232345860535123, 1.881772320328965, 7.90632476186336, -1.395758258139253, 1.5867059595039805, -1.1396296176632337, -7.52910974110817, -7.686245544730879, -6.051000493070364, -5.777954602821504, 3.7535535214901756, -4.311722218537146, -6.027466803603973, 4.603824980525641],[3.1152119064255928, 8.075646423680244, 7.872985993222596, -2.0145505972604187, -7.587888848358009, 9.932337613775651, 2.6195134604923958, -6.6435860704906835, -2.9177881954784617, -6.1490292645352085, 3.584443878923773, -0.5237545350063542, 7.157513045413705, -6.773090207922641, 4.746691262547444, -6.910480666081098],[9.64014550042323, 9.650342866872247, -0.26753983189271935, 7.447039001131273, -5.0429194827705075, 3.4689015531592045, -7.015555289510759, -4.679335093525172, 9.320729187656045, -4.513316078674274, 8.887407393703366, -6.740257259085729, 9.135670823203967, 2.339832862383833, -7.48712111155802, -3.9752090984839956],[4.633629405635487, 8.43236921432052, 6.158111082765242, 2.3881177515772283, -0.5849820545026834, -9.191002113188258, -2.1921545053428293, -4.572811031411732, 4.772843014356011, 5.087960338852927, 6.25254015080116, 5.232970737816968, -6.515368546678815, -4.840185454424011, -1.8193058350503826, -0.7227258541514043],[-7.891459933044422, 1.0295571389024758, 4.42264445799313, 7.465086296111444, -3.1871070465275064, 5.7095999427734885, -7.334223610215613, 0.7959909936431924, -8.3326366229105, -7.79179976517179, -8.210971227909312, 6.5637424705995215, 3.2079485162368666, -6.820110758086488, 8.489234598145977, 2.4836363453318313],[-2.2243508836604997, -8.602678333723503, 9.931480788601274, -7.953666818006091, -9.804047770076698, -6.208664237834953, -8.656438521454303, -9.51725866789869, -3.230457092260128, 1.291887550259263, -5.49982856923971, 2.636671246497432, -0.09596890973113759, 6.234383584557797, -8.731994068526419, 6.084955114419618],[1.1457213128789494, 8.82901185695389, 2.0635507144384206, 2.5886078771673766, 6.150966369889765, -0.618252602385267, 8.42837471104168, -4.019428536485732, -7.248730145427677, 1.4116626876365252, 3.3147417062475597, 6.640895594260954, -0.9222202925097971, 2.808184917410019, -6.120678350731106, -1.6463490443381374]];biases=[1.9297073635130282, 0.9096490322334319, 7.992115484529023, -2.879488547941394, -0.024155616475846742, 5.332079184002094, 0.16593063496981486, -0.5872903000693501, 2.6763407600314775, 1.1907824498750266, 2.473453311412687, 7.966672302432407, 5.978905442598922, -9.59922306820389, -4.118161831129006, 6.908651925398395];activationFunc=ReLu}
layer2: Layer{weights=[[9.634878746892038, 1.4465632989507675, -3.5621373291830487, -6.788744465261008, -1.7295718130281674, -6.885888034601253, -8.035218428564605, 6.2827843942456525, 9.729087776876856, -0.5898239657007327, -3.5395814607493525, -6.175080433541766, -2.7491472749816515, -6.078479540003315, 6.7609902966799105, 5.581628542486845]];biases=[-8.738435268876918];activationFunc=Sigmoid}
]
}
NeuralNetwork{
Number_of_neurons: [5,16,16,1]
layers:
[layer0: Layer{weights=[[-2.6232686142076016, -3.9584141111051707, 4.246422049664941, -7.836906681949499, 8.475700048370346],[3.255538799357698, -6.70252533300741, 5.060300737686362, 3.436981628291811, 8.562726256088602],[7.730987490454972, -6.777327770559709, 3.156809191317933, -1.6743884457532445, -4.391099213388793],[1.0860697106429402, -3.26389322539508, -7.357360563318456, -6.01548183034776, 0.6051760640920723],[-0.8594064029040744, -2.442179365525206, -3.3368474073287153, 5.674737719583092, -6.919890084397262],[-4.460295801351695, -6.56870645432212, -8.218411506993784, -2.538508835806022, 7.377944319195848],[4.492500220620318, 1.827536930436855, -5.083438496777335, -9.69265621093359, -4.891398222689409],[6.22113942377095, 1.6170925560178553, 0.3521931642574927, 6.638298486879794, 2.6061660235903172],[-8.194969905320145, 6.26448613499387, 8.430495069240166, -9.807364748752045, -8.951220453644408],[-2.332828378728033, 5.764295767623949, -6.046783433040497, -7.171442933039199, -3.4147792726043154],[5.939771234777439, -4.964744885307876, -5.688960216670975, 6.336542499505725, -1.3400758490240872],[6.264169969540788, -0.15717654817818527, 5.398129354913845, -3.271359523321884, -3.324386486319659],[5.695448225197058, -3.0642366189341885, -0.09809866829305847, -1.7965360693078463, 5.9706678159978726],[0.6180695526009572, -6.007344836379018, 3.6642183434745412, 6.350845001220691, 3.5596246537129197],[-8.97979687402971, 0.2531655099179897, 4.816505080897937, -5.820271372304173, 5.603541427479694],[-8.934451604758387, -0.7496888127824448, -4.462049955320094, 2.8689717616092807, 2.284206267153497]];biases=[3.3194165812780803, -4.763772343273374, 3.5484000436248877, 1.1119373561234003, -6.9192281892037055, 0.8323284511777871, 8.862404661751128, -1.153580434426523, 0.998001597196696, -0.33110941448105713, 7.777342582922248, -1.0626877255494254, 3.483410443035188, 7.602707344141855, 4.1896985318349085, 2.99541888062517];activationFunc=ReLu}
layer1: Layer{weights=[[-2.2940053726701155, -1.4844926857959813, 6.133477230190671, -9.108911015021011, 4.68638790966458, 3.4703870418496425, -8.403174468239872, 8.420204694611925, -9.993319988044915, -9.966009378286056, 8.490554203592463, -1.9500129370397428, 7.347752397564491, 6.990772482372886, -9.781898339290994, -4.301064781578066],[-0.005909390040596207, 4.304096004584503, -9.562533490589765, -8.946367026947213, 4.038355592506456, -1.0379967642133892, 6.161608955828612, 9.036532398964482, 9.82713484626283, 2.285181916059038, 0.7940944272940325, -3.909121473183273, 8.966007141813819, -8.51114375343457, 4.773270564083296, -3.8477544361819938],[-3.3379718163536225, -1.9171624244236192, -9.160937361758156, -0.5231375506276699, -9.073212439076627, -2.3939563477572534, 6.612149219095972, 1.6523583092199097, 1.956380620735981, 4.35215732949553, 1.1526754600337377, -6.397376522133369, -3.0026856302778775, 1.9389901637654638, -7.7518941631476235, 0.37677263496111735],[9.270069169229888, -2.9558409222076705, -6.533882847121695, 0.48206626634704364, 5.741809314135001, -9.842282992523415, 7.045414239618417, 3.5396663629067966, -7.831046178123771, -3.025597725366551, -9.376454715915196, 1.9976894214814518, 0.4375521180761126, -3.8579604491665016, 2.3604427915957356, -7.125720386385983],[-8.171730340750901, 4.049331793963226, -5.179749713310904, 9.167491040501432, 7.721214123495301, 9.457996446806135, -4.52688003002125, -7.385467827091976, -0.009175899303297541, -6.103769751301639, 9.2270784084, 4.469890096954197, -0.46599670939113125, -5.3974574105407775, 6.009882402596254, -4.366294362431924],[-5.582922976105724, 5.475634188239978, 0.20973322684390716, 1.1062827730548097, -9.36900532751845, -3.687058328085109, 3.4576334704538993, 3.674413281397637, 6.750114339101366, -9.177953140789306, 3.9439061944278198, -6.292403208637179, 3.4372411883675564, -9.875402514244396, 7.126177097200596, -7.734257606943942],[9.904906832409843, 6.565322075182348, 4.428907016666015, 3.168507427630953, 0.9071674968189747, 7.826943564902432, 6.60261247241726, -6.5081672917249955, 8.679973762289702, -3.8212207200411807, -1.4870047674370177, -1.8241080525380777, -0.908659959706398, -2.7010405389293313, -1.837972692198111, -9.313207437184982],[5.032430612950073, -7.312129594211514, -9.672881723133433, 0.646823245239931, 6.0467946506188, -6.0552371543018735, 8.218289250440932, 2.8139646497156683, -1.375904637757655, -0.6497035283491215, -3.652384935489441, 9.941545350112552, -7.7555340802026755, 0.13960558103982557, -8.940884732709973, 1.5444925419090403],[9.910493985301756, -8.835012055300133, 2.1238663930565806, -0.42453136722414797, -5.394508013343817, -7.07491002936893, 4.0248968531442735, 0.9776142974524777, 8.102516973412918, -0.4947976901343374, 0.9796813836229639, -8.71677241267941, -2.5167056055695554, 8.432469152114262, -2.076602089510418, 3.0849093764376754],[-2.776067638838673, -7.559050449108429, -8.232345860535123, -1.952648912553414, 7.90632476186336, -1.395758258139253, 1.5867059595039805, -1.1396296176632337, -8.835493243681098, -7.686245544730879, -6.051000493070364, -5.777954602821504, 3.7535535214901756, -4.311722218537146, 0.9652584824699346, 4.603824980525641],[-3.2521451511288486, 8.075646423680244, 7.872985993222596, -2.0145505972604187, -7.587888848358009, 9.932337613775651, 7.348888449374975, -6.6435860704906835, -2.9177881954784617, -4.353337639054356, 3.584443878923773, -0.5237545350063542, -2.405908523102685, -6.773090207922641, 4.746691262547444, -6.910480666081098],[9.64014550042323, 9.650342866872247, -0.26753983189271935, 7.447039001131273, 7.250855968595488, 3.4689015531592045, 0.9289073745009819, -4.679335093525172, 9.320729187656045, -4.513316078674274, 8.887407393703366, -6.740257259085729, 9.135670823203967, 2.339832862383833, -7.48712111155802, -3.9752090984839956],[4.633629405635487, 8.43236921432052, 6.899384290288097, 1.6216110596224809, -0.5849820545026834, -9.191002113188258, -2.1921545053428293, -4.765899753749496, 4.772843014356011, 5.087960338852927, 7.835251677960823, 5.232970737816968, -6.515368546678815, -4.840185454424011, -1.8193058350503826, -0.7227258541514043],[9.301710508139656, 1.0295571389024758, 4.42264445799313, -0.8960236206409622, -3.1871070465275064, 5.7095999427734885, 3.902232091396435, 0.7959909936431924, -8.3326366229105, -7.79179976517179, -8.210971227909312, 6.5637424705995215, 3.2079485162368666, -6.820110758086488, 8.489234598145977, 2.4836363453318313],[-2.2243508836604997, -8.602678333723503, -5.270485350551189, 3.6765135543905885, 9.859856369119658, -6.208664237834953, -8.656438521454303, -6.896211577622189, -4.234092539332743, 1.291887550259263, -5.49982856923971, 2.636671246497432, 2.007029911785212, 6.234383584557797, -8.731994068526419, 6.084955114419618],[1.1457213128789494, 4.451186891259869, 2.0635507144384206, 2.807250255415724, 4.071893860059305, -0.618252602385267, 8.42837471104168, -4.019428536485732, -7.248730145427677, 2.1812173418611263, 3.3147417062475597, 6.640895594260954, -0.9222202925097971, 2.808184917410019, -6.120678350731106, -1.6463490443381374]];biases=[1.9297073635130282, 0.9096490322334319, 7.992115484529023, -2.879488547941394, -0.024155616475846742, 5.332079184002094, -7.976981888740065, -0.5872903000693501, 2.6763407600314775, 1.1907824498750266, -2.978822125125138, 7.966672302432407, 5.978905442598922, -9.59922306820389, -4.118161831129006, 6.908651925398395];activationFunc=ReLu}
layer2: Layer{weights=[[9.634878746892038, 1.4465632989507675, -3.5621373291830487, 9.370147794368282, -1.7295718130281674, -6.885888034601253, -8.035218428564605, 6.2827843942456525, 9.729087776876856, -0.5898239657007327, -3.5395814607493525, -6.175080433541766, 8.287302342839926, -6.078479540003315, 6.7609902966799105, 5.581628542486845]];biases=[-5.48422579586134];activationFunc=Sigmoid}
]
}
NeuralNetwork{
Number_of_neurons: [5,16,16,1]
layers:
[layer0: Layer{weights=[[-2.6232686142076016, 7.968792625033338, 7.7646714147926374, -7.836906681949499, 1.452978125948551],[3.255538799357698, -6.70252533300741, 5.060300737686362, 9.683085073596253, 8.562726256088602],[7.730987490454972, -6.777327770559709, 3.156809191317933, -1.6743884457532445, -4.391099213388793],[1.0860697106429402, -3.26389322539508, -7.357360563318456, 4.638788768686524, 2.4082897900829625],[-0.8594064029040744, 6.339165842457973, -3.3368474073287153, 5.674737719583092, -6.919890084397262],[-5.358759852924317, -6.56870645432212, -8.218411506993784, -2.538508835806022, 7.377944319195848],[-6.699237147530194, 1.827536930436855, -5.083438496777335, -9.69265621093359, -4.932145709401359],[6.22113942377095, 1.6170925560178553, 0.3521931642574927, 6.638298486879794, 2.6061660235903172],[-8.194969905320145, 6.26448613499387, 8.430495069240166, -9.807364748752045, -8.951220453644408],[-2.332828378728033, 5.764295767623949, -6.046783433040497, 6.270965919034197, -3.4147792726043154],[5.939771234777439, -4.964744885307876, -5.688960216670975, 6.336542499505725, -1.3400758490240872],[-7.116434334781127, -0.15717654817818527, 5.398129354913845, -3.271359523321884, -3.324386486319659],[0.0867447499888776, -3.0642366189341885, -0.09809866829305847, 4.280301494909924, 5.9706678159978726],[0.6180695526009572, -6.007344836379018, 3.6642183434745412, -1.1544168866278675, 3.5596246537129197],[-8.97979687402971, 0.2531655099179897, 4.816505080897937, -5.820271372304173, 5.603541427479694],[-8.934451604758387, -0.7496888127824448, -4.462049955320094, 2.8689717616092807, 2.284206267153497]];biases=[7.79059262348024, -4.763772343273374, 3.5484000436248877, 1.1119373561234003, -6.9192281892037055, 0.8323284511777871, 9.823961409774714, -1.153580434426523, 0.998001597196696, -0.33110941448105713, 7.777342582922248, -1.0626877255494254, 3.483410443035188, 7.602707344141855, 1.2674131858069337, 2.99541888062517];activationFunc=ReLu}
layer1: Layer{weights=[[-2.2940053726701155, 9.436922349313328, 6.133477230190671, -9.108911015021011, 4.68638790966458, 3.4703870418496425, 2.369967203673628, 8.420204694611925, -9.993319988044915, 5.873636374572113, -8.068109169660922, -1.9500129370397428, 7.347752397564491, 5.431610700865704, -9.781898339290994, -4.301064781578066],[-8.565071584199174, 4.304096004584503, -9.562533490589765, -8.946367026947213, 4.038355592506456, -8.609775075074815, 6.161608955828612, 9.036532398964482, 9.82713484626283, 2.285181916059038, 0.7940944272940325, -3.909121473183273, 8.966007141813819, -8.51114375343457, 4.773270564083296, -3.8477544361819938],[-3.3379718163536225, -1.9171624244236192, -9.160937361758156, -0.5231375506276699, -9.073212439076627, 3.523998987284809, 6.612149219095972, 1.6523583092199097, 1.956380620735981, 4.35215732949553, 1.1526754600337377, -6.397376522133369, -9.26231996305515, 1.9389901637654638, -7.7518941631476235, 0.37677263496111735],[9.270069169229888, -2.9558409222076705, -6.62964943648489, 0.48206626634704364, 5.741809314135001, -9.842282992523415, 7.045414239618417, 3.5396663629067966, -7.831046178123771, -3.025597725366551, -9.376454715915196, 1.9976894214814518, 0.4375521180761126, -3.8579604491665016, 2.3604427915957356, -7.125720386385983],[-8.171730340750901, 4.049331793963226, 1.5147914354976795, 6.972688553199134, 7.721214123495301, 9.457996446806135, -4.52688003002125, -7.385467827091976, -0.009175899303297541, -6.103769751301639, 9.2270784084, 4.469890096954197, -0.46599670939113125, -5.3974574105407775, 6.009882402596254, -4.366294362431924],[-5.582922976105724, 5.475634188239978, 0.20973322684390716, 1.1062827730548097, -9.36900532751845, -3.687058328085109, 3.4576334704538993, -0.13412801083763704, 6.750114339101366, -9.177953140789306, 3.9439061944278198, -6.292403208637179, 3.4372411883675564, -9.875402514244396, 7.126177097200596, -9.355812536087114],[-2.652115012867567, 6.565322075182348, 4.428907016666015, 3.168507427630953, 0.9071674968189747, 7.826943564902432, 6.60261247241726, -6.5081672917249955, 8.679973762289702, 0.7348802761885516, -1.4870047674370177, -1.8241080525380777, -0.908659959706398, -2.7010405389293313, -1.837972692198111, -7.43642901731241],[5.032430612950073, -7.312129594211514, -9.672881723133433, 0.646823245239931, 6.0467946506188, -6.0552371543018735, 8.218289250440932, 2.8139646497156683, -1.375904637757655, -0.6497035283491215, -3.652384935489441, 3.3379950702135286, -7.7555340802026755, -5.867898878421716, -8.940884732709973, 1.5444925419090403],[-7.384534014306108, -8.113902154731075, 2.1238663930565806, -9.811250019327925, 6.146402239364079, -1.0856946484609615, 4.0248968531442735, 0.9776142974524777, 8.102516973412918, -9.029541960039904, 0.9796813836229639, -8.71677241267941, -2.5167056055695554, 8.432469152114262, -2.076602089510418, 3.0849093764376754],[-2.776067638838673, -7.559050449108429, -8.232345860535123, 1.881772320328965, 7.90632476186336, -1.395758258139253, 8.574552718528146, -1.1396296176632337, -7.52910974110817, -7.686245544730879, -6.051000493070364, -5.777954602821504, 3.7535535214901756, -4.311722218537146, 0.9652584824699346, -8.682553584047863],[-3.2521451511288486, 8.075646423680244, 7.872985993222596, -2.0145505972604187, -7.587888848358009, 9.932337613775651, 2.0305988359765514, -6.6435860704906835, -2.9177881954784617, 4.938166005895399, 3.584443878923773, -0.5237545350063542, -2.405908523102685, 2.9687174852988143, 4.746691262547444, -2.035960215409065],[9.64014550042323, 9.650342866872247, -0.26753983189271935, 7.447039001131273, -5.0429194827705075, 3.4689015531592045, 8.885096262503438, -4.679335093525172, 9.320729187656045, -4.513316078674274, 1.9951810156122214, -6.740257259085729, 9.135670823203967, 2.339832862383833, -7.48712111155802, -3.9752090984839956],[4.633629405635487, 8.43236921432052, 6.899384290288097, 2.3881177515772283, -0.5849820545026834, -9.191002113188258, -2.1921545053428293, 9.333489870760353, 4.772843014356011, 5.087960338852927, 0.6755670574981778, 5.232970737816968, -6.515368546678815, -4.840185454424011, -1.8193058350503826, 8.410297503289083],[9.301710508139656, 3.657844402145047, 4.42264445799313, 7.465086296111444, 3.1339769186727757, 5.7095999427734885, 3.902232091396435, 0.7959909936431924, -8.3326366229105, -7.79179976517179, -8.210971227909312, 6.5637424705995215, 3.2079485162368666, -6.820110758086488, 8.489234598145977, 2.4836363453318313],[-2.2243508836604997, -8.602678333723503, 7.449468342870759, -7.953666818006091, 2.158017708210041, -6.208664237834953, -8.656438521454303, -6.896211577622189, -4.234092539332743, 1.291887550259263, -5.49982856923971, 2.636671246497432, 2.007029911785212, 6.760890837509507, -8.731994068526419, 6.084955114419618],[1.1457213128789494, 8.82901185695389, 2.0635507144384206, 2.5886078771673766, 4.071893860059305, -0.618252602385267, 8.42837471104168, -4.019428536485732, -7.248730145427677, 2.1812173418611263, 3.3147417062475597, 6.640895594260954, -0.9222202925097971, -8.706957328782178, -6.120678350731106, -1.6463490443381374]];biases=[1.9297073635130282, 0.9096490322334319, 7.992115484529023, -2.879488547941394, -0.024155616475846742, -5.784837794586329, -7.976981888740065, -0.5872903000693501, 2.6763407600314775, -1.9996842515132247, -2.978822125125138, 7.966672302432407, 5.978905442598922, -9.59922306820389, -4.118161831129006, 6.908651925398395];activationFunc=ReLu}
layer2: Layer{weights=[[9.634878746892038, 1.4465632989507675, -3.5621373291830487, 4.413857977427352, -1.7295718130281674, -3.105646432740212, -8.035218428564605, 6.2827843942456525, 9.729087776876856, -0.5898239657007327, -8.717793222362369, -6.175080433541766, -8.02213729609242, -6.078479540003315, 6.7609902966799105, 5.581628542486845]];biases=[-8.738435268876918];activationFunc=Sigmoid}
]
}