x= 290.0
generationNumber= 25
bestScore= 8872459
radius= 12.0
maxPipeX= 1060.0
floorY= 540.0
mutationChance= 0.1
max_bias= 10.0
min_bias= -10.0
max_weight= 10.0
min_weight= -10.0
NeuralNetwork{
Number_of_neurons: [5,16,16,1]
layers:
[layer0: Layer{weights=[[3.6991773989689705, -4.770259358668254, -8.194831841876045, -4.917952290314274, 3.8002568802855166],[3.752654149947091, -4.6687833641566705, -4.233216427012236, -2.978505123984778, 5.792051771054181],[-0.018190833443350485, -9.07526027447162, 3.7444449248960012, 6.062733745634265, -6.3514621693208255],[5.1956931314861095, 1.1296866366542666, -5.017304388711528, 8.828272465216312, -6.530458506446162],[-0.8594064029040744, -8.207780135146223, -6.117345698243167, -9.72772653492621, -6.919890084397262],[9.275018234077315, -1.7898733386567596, 8.528469086356985, -4.777843425566372, 6.214548335470791],[6.68344832041732, 2.2771808255454378, 5.501558542380511, 1.7534743139259117, -8.45533954747998],[-4.132433636823, 3.2475364498025243, 2.986492314437415, 8.374703872806336, -9.885194006607922],[7.9041770701821115, -0.5640819203656822, -8.622402593912426, 7.4401724784888685, 8.327241957775676],[-4.973370746054481, -2.3065708125911444, 3.1241048345646583, -6.365616224657651, 2.137839529203731],[5.939771234777439, 4.379238316627031, 1.27381630281352, 0.8171935559757415, 0.20876298666468784],[-4.060063765471876, -9.088455490218525, -0.90887471163893, -9.192152880478172, -3.324386486319659],[-3.7821516475965637, -1.4626032534246942, 1.0196896456674782, 3.479485468386784, 9.726590883369479],[5.017911189137468, -6.0422960281404725, -1.3614274655060594, 9.60039429912516, -3.944953795851185],[-9.396575921394382, 4.6953829978501, 9.168288937875253, -5.6509608868044525, 2.778661628825631],[-6.58954322631057, -5.02765375375108, -5.574252303564034, 3.5789456080882225, -7.914189475682079]];biases=[5.0533104185720195, -4.963246125867597, -8.94051364521406, -2.6703456692676024, -2.44662603810516, -3.7767378157374214, -1.4851579080926154, -1.153580434426523, -7.468096193596267, -4.215454137850623, 5.04478555821324, -2.5554933010067966, 3.483410443035188, 2.512164674459928, -4.255009697489179, 2.99541888062517];activationFunc=ReLu}
layer1: Layer{weights=[[-6.365268444914303, 6.296132972454853, -8.573049289377945, -0.0672625928742221, 5.110786196046689, -7.449920758528046, -1.3824336835006257, 7.614599999166142, 3.749059875257867, 5.898169787996981, -8.068109169660922, -7.430247055951433, 8.174613453111615, -4.3091228812180145, -4.74998557226421, -1.1467469498977358],[7.80799006981303, 8.520983032951499, -6.785880357178613, -8.946367026947213, 6.320056897894492, -3.315169738904835, 6.161608955828612, 6.09439095171934, -0.31628086006369216, 5.048469287710182, 2.339766747956757, 1.0917155760752717, -5.558781482897186, 1.5670164634821901, 9.251854203949755, 0.9271857616332078],[-5.059278140084382, -5.466916612329187, -4.216545715256588, 9.485097197611566, -7.369796287497509, 3.2429218832087603, 7.767229921409687, 8.117722157893088, 0.5565231172729757, -3.983246302954928, -6.413192605821747, -6.0399721902181085, -9.26231996305515, 7.133632769745134, -1.1314687019367557, -3.048989107451896],[9.270069169229888, -9.723187559306057, -7.061021474068763, 6.02024153720884, -5.359496064065537, 3.821884526610848, -1.9950384720486642, -0.29805196070907414, -6.710589942214769, 1.595566533562378, -5.332591338202084, 1.8517709783391485, 6.323125322432048, 6.368067256881236, -8.799972197882726, 5.513050283190497],[8.469229722586462, -5.330024694890955, 8.21277016523301, 2.5580950449556816, 7.2557227256396715, 2.6913620811559564, -1.6236069245441591, -6.715814224681427, 2.4511499177601443, -2.2834083487224044, 3.7077934044085303, 4.852147284557862, 8.824190371086878, 2.016308210209923, -8.733086226165742, 1.151708291510328],[9.08016233401051, -5.426234243929315, 2.8191915237720835, 4.233856178236941, 3.633771427405023, -9.885179018236059, 9.999874046982232, -0.24023563992387054, -6.261444973961192, 3.395044236258107, 2.619209453068896, -9.97414829771639, -7.954192813091425, 8.668997539135756, 0.38572505818229175, -3.416235294116971],[0.028541888326680365, -5.056743615974259, 5.9324578244709425, -2.53638546510828, -2.92143757327808, -7.854848471569181, 8.096755661141437, 7.245095808972749, 7.928027471420879, -7.274944767676434, -1.4870047674370177, -1.281070512332132, -6.719105937537819, -7.247632793645311, -5.214919049234079, -8.41476555024599],[-1.7982115846153963, -8.219553498840945, -5.293045900518716, 6.765976586251707, 0.1574859826889643, -0.032168466243998495, -2.6171321679922492, 3.9810908074490996, 2.9431002669182362, 4.581586787325879, -9.958104819794592, -4.364606751806754, -5.423492067601945, 2.8487010062792617, -0.1417879174660115, -4.010339788237529],[4.059655574641832, 8.24964266202156, -2.7893288963337737, -1.537985954691683, -2.4674582350090457, -0.8436346753516659, -0.1381409737460011, -3.6607533429332895, 3.7636695934297375, 0.4650101991132338, 0.179682872918832, 1.9296775469826084, -7.736043585300438, 4.716927602882095, -0.4236484493607584, 1.7161452484269546],[4.251528182669308, -9.680833794339364, 9.5017238390691, -2.0188705143679826, -3.7393599576863483, 6.855964011197518, 0.26108579653161357, -1.4178088014894659, 1.6199071642108152, -7.686245544730879, -5.097031096031042, -3.2672262114301613, -8.782135189581549, -4.789894524663582, 2.0968473847166162, 3.431459812757666],[8.159032246583159, 0.8693279233748434, 3.992722755792414, 1.4347973638471583, 3.5984279775351204, 9.199477231373436, 6.591297401405431, -8.971885766293182, -5.923430030678967, -4.305097917423333, -7.593139216096305, 4.887615551138058, -9.546460070329378, 5.708481737172688, -1.145892884893998, -1.4018673378224573],[-3.8717708066257934, 0.3342104042413041, -8.676928765046227, 6.416565751866074, -5.334384818610194, -2.515271217131847, 0.5194660186279414, -5.443404766402997, -0.40093753003149146, -0.40948702785722446, 1.263973907844612, 2.273166311591739, -0.35605882657862864, -7.86062491904606, -9.210180113944995, -1.2577510471695241],[-5.221406488603222, 8.365802888838424, 2.0210559820984297, -0.4345023757672415, 3.0356430693830703, -1.828469221294215, -4.6122100692791435, 9.333489870760353, 4.457464074868556, -8.467828593090589, -5.136691114990189, -0.2737622811964684, 2.9120433745574292, 6.6983076313695875, 6.331164664475452, 5.59730014200802],[-5.381186656163908, -6.247360445000423, -1.9017730101653196, -4.522569790909905, -1.3886135623562819, 2.941084190439039, -8.465153023930165, -8.250912869510643, -0.16290701155525866, 6.774737450534214, 2.2917268907969124, -6.702893306402653, -6.172114632733106, 4.29394325117056, 2.690743673917307, 5.883752950033234],[8.72582614042274, -7.043150161887322, 3.8795139195789297, 4.308809151594559, 7.897214919977749, 8.497895051583903, -8.656438521454303, 2.963476911174922, 0.34842799433532434, 6.380014398708745, -9.391492784655702, 7.323788503089233, -4.395719681649572, 1.579428010621168, 7.838197103982473, -8.396928873684928],[4.375414822201609, -8.871451723905457, -9.157227963873098, 0.997631022827683, 0.3654307212650103, -0.618252602385267, 2.1397138123457573, -5.3072358532153725, -1.7519516283108452, 0.8032924762225306, -0.10287209004542675, 6.467561207319456, -1.3693656874594424, 3.5556539335724224, 0.20441885999299636, 1.7121120727872672]];biases=[1.9297073635130282, -0.32193108565961737, 0.03413916019177421, -0.12775876150995025, 9.905468184177842, 0.7043719567224933, 0.7339887873192641, 0.6341682780808693, -2.006395444069719, -7.721983443014562, 9.942034534391219, -1.842067342042089, -8.199173401061024, -2.9193217718415987, -2.5925869869094065, 5.180855987390753];activationFunc=ReLu}
layer2: Layer{weights=[[4.4941763701650075, -3.5225316818570906, 8.51068904274069, -8.970650027217959, 3.9328509916355223, 8.383990127223043, 2.241666148893046, 5.532682678097689, -0.46424775640727134, -4.288211280465606, -5.506205580565677, 2.2282498512373117, 0.36119923031141354, 5.183362831783057, -7.78801814804204, 5.581628542486845]];biases=[2.0452350141931426];activationFunc=Sigmoid}
]
}
NeuralNetwork{
Number_of_neurons: [5,16,16,1]
layers:
[layer0: Layer{weights=[[3.6991773989689705, -4.770259358668254, -8.194831841876045, -4.917952290314274, 3.8002568802855166],[3.752654149947091, -4.6687833641566705, 2.8768303245439135, -8.285517739096901, 5.792051771054181],[-0.018190833443350485, -5.855579838206861, 3.7444449248960012, 6.062733745634265, 1.0348318155515486],[6.5408696863846885, 1.1296866366542666, -5.017304388711528, 8.828272465216312, -6.530458506446162],[-0.8594064029040744, -8.207780135146223, -6.117345698243167, -9.72772653492621, -6.919890084397262],[-8.963162870045224, -1.7898733386567596, 8.528469086356985, 6.07798967944429, 6.214548335470791],[-2.687522889126761, 2.2771808255454378, 5.501558542380511, 1.7534743139259117, -8.45533954747998],[-4.132433636823, 3.2475364498025243, 2.986492314437415, 8.374703872806336, -9.885194006607922],[7.9041770701821115, -0.5640819203656822, -8.622402593912426, 7.4401724784888685, 8.327241957775676],[-4.973370746054481, -2.3065708125911444, -8.83090429364012, -6.365616224657651, 2.137839529203731],[5.939771234777439, 4.379238316627031, 1.27381630281352, 0.8171935559757415, 0.20876298666468784],[8.144016538045491, -9.088455490218525, -0.90887471163893, -9.192152880478172, -3.324386486319659],[-3.7821516475965637, -1.4626032534246942, 1.0196896456674782, 3.479485468386784, -6.954221519969208],[5.017911189137468, -6.0422960281404725, -1.3614274655060594, 9.60039429912516, -3.944953795851185],[-9.396575921394382, 4.6953829978501, 9.168288937875253, -5.6509608868044525, 2.778661628825631],[5.960581238733118, -5.02765375375108, -5.574252303564034, 3.5789456080882225, -7.914189475682079]];biases=[5.0533104185720195, 3.5376694933623387, 6.899781582793086, -2.6703456692676024, -2.44662603810516, -3.7767378157374214, -1.4851579080926154, -1.153580434426523, -7.468096193596267, -4.215454137850623, 5.04478555821324, -8.267389413545207, -6.077223168410755, 2.512164674459928, -4.255009697489179, 2.99541888062517];activationFunc=ReLu}
layer1: Layer{weights=[[-6.365268444914303, 6.296132972454853, -8.573049289377945, -0.0672625928742221, 5.110786196046689, -7.449920758528046, -1.3824336835006257, 7.614599999166142, 3.749059875257867, 5.898169787996981, -8.068109169660922, -7.430247055951433, 8.174613453111615, 1.9469334493360009, -4.74998557226421, -1.1467469498977358],[7.80799006981303, 8.520983032951499, -6.785880357178613, -8.946367026947213, -9.072892259192544, -3.315169738904835, 6.161608955828612, 6.09439095171934, -0.31628086006369216, 5.048469287710182, 2.339766747956757, -3.280403847982221, -5.558781482897186, 1.5670164634821901, 9.251854203949755, 0.9271857616332078],[-5.059278140084382, -1.191821297369163, -4.216545715256588, 9.485097197611566, 9.92493954464899, 3.2429218832087603, 7.767229921409687, 8.117722157893088, 0.5565231172729757, -3.983246302954928, -6.413192605821747, -7.73511016592389, -9.26231996305515, 7.133632769745134, -8.518388165614327, -3.048989107451896],[9.270069169229888, -2.397353719104367, -7.061021474068763, 6.02024153720884, -5.359496064065537, 3.821884526610848, -1.9950384720486642, -0.29805196070907414, -6.710589942214769, 1.595566533562378, -5.332591338202084, 1.8517709783391485, 6.323125322432048, 9.943175309684122, -8.799972197882726, 5.513050283190497],[8.469229722586462, -5.330024694890955, 8.21277016523301, 2.5580950449556816, 7.2557227256396715, 2.6913620811559564, 5.784077335751814, -6.715814224681427, 2.4511499177601443, -2.2834083487224044, -0.8566547121684742, 4.852147284557862, 8.824190371086878, 2.016308210209923, -8.733086226165742, -4.796415719586717],[5.661166160218174, -5.248294908724686, 2.8191915237720835, 4.233856178236941, 3.633771427405023, -9.885179018236059, 9.999874046982232, -0.24023563992387054, -6.261444973961192, 3.395044236258107, 4.3434929088786145, -9.97414829771639, -7.954192813091425, 8.668997539135756, 0.38572505818229175, -3.416235294116971],[0.028541888326680365, -5.056743615974259, 5.9324578244709425, -2.53638546510828, -2.92143757327808, -9.345185775054695, 8.096755661141437, 7.245095808972749, 7.928027471420879, -7.274944767676434, -1.4870047674370177, -1.281070512332132, -6.719105937537819, -7.247632793645311, -5.214919049234079, -8.41476555024599],[-1.7982115846153963, -8.219553498840945, -5.293045900518716, 6.765976586251707, 0.1574859826889643, -4.604450963691034, -2.6171321679922492, 3.9810908074490996, 2.9431002669182362, 4.581586787325879, -9.958104819794592, -4.364606751806754, 0.0075925807412708934, 2.8487010062792617, -0.1417879174660115, -4.010339788237529],[4.059655574641832, 8.24964266202156, -2.7893288963337737, 5.385378704212503, -2.4674582350090457, -0.8436346753516659, -0.1381409737460011, -3.6607533429332895, 3.7636695934297375, 0.4650101991132338, -3.2172753573498074, -0.007873400558413124, -7.736043585300438, -4.78690330632578, -0.4236484493607584, 1.7161452484269546],[4.251528182669308, -2.828020227334143, 9.5017238390691, 4.158650596938898, -3.7393599576863483, 6.855964011197518, 0.26108579653161357, 0.8117284017783692, 1.6199071642108152, 7.0728493899650715, 3.7442016949469643, -3.2672262114301613, -8.782135189581549, -4.789894524663582, 2.0968473847166162, 3.431459812757666],[-1.0759899966134832, 0.8693279233748434, 3.992722755792414, 1.4347973638471583, -8.506273714408128, 9.199477231373436, -0.29457454469752165, -0.6131397078061802, -5.923430030678967, -9.440497873031124, -7.593139216096305, 1.7910682166764875, -8.752731531614584, 5.708481737172688, -1.145892884893998, -8.015270601679239],[-3.8717708066257934, 0.3342104042413041, -8.676928765046227, 6.416565751866074, 0.12026285791653635, -2.515271217131847, 0.5194660186279414, -5.443404766402997, 4.523090833685659, -0.40948702785722446, 1.263973907844612, 2.273166311591739, -0.35605882657862864, -7.86062491904606, -9.210180113944995, -7.535893618382071],[-5.221406488603222, 8.365802888838424, 3.6345420727200928, -0.4345023757672415, 3.0356430693830703, -1.828469221294215, -1.5585275286721973, -2.54472635639644, 4.457464074868556, -8.467828593090589, 2.7313224378241685, -0.2737622811964684, 6.607716880589315, 6.6983076313695875, 6.331164664475452, 5.59730014200802],[-5.381186656163908, -6.247360445000423, -1.9017730101653196, -4.522569790909905, -3.8036536478044596, 2.941084190439039, -8.465153023930165, -8.250912869510643, -0.16290701155525866, 6.774737450534214, 1.5065790984683716, -6.702893306402653, -6.172114632733106, 4.29394325117056, 8.861369765605012, 5.883752950033234],[8.72582614042274, -7.043150161887322, 3.8795139195789297, 4.308809151594559, 7.897214919977749, 8.497895051583903, -8.656438521454303, 2.963476911174922, 0.34842799433532434, 6.380014398708745, -9.391492784655702, 7.323788503089233, -4.395719681649572, -4.772418534299369, 7.838197103982473, -8.396928873684928],[6.153462414831125, -8.871451723905457, -9.157227963873098, 0.997631022827683, 0.3654307212650103, -0.618252602385267, 2.1397138123457573, -5.3072358532153725, -1.7519516283108452, 0.8032924762225306, -4.970658581833575, 6.467561207319456, -0.7953933682985017, -4.428052127248561, 0.20441885999299636, 1.7121120727872672]];biases=[1.9297073635130282, -0.32193108565961737, 0.03413916019177421, -0.12775876150995025, 9.905468184177842, 0.7043719567224933, 0.7339887873192641, 0.6341682780808693, -2.006395444069719, -7.721983443014562, 9.942034534391219, -1.842067342042089, -8.199173401061024, -2.9193217718415987, -4.045489405514402, 5.180855987390753];activationFunc=ReLu}
layer2: Layer{weights=[[4.4941763701650075, -3.5225316818570906, 8.51068904274069, 4.380801683102089, -0.29826610521628005, -6.885888034601253, 2.241666148893046, 5.532682678097689, -0.46424775640727134, -4.288211280465606, -5.506205580565677, 8.116466350401112, 0.36119923031141354, 5.183362831783057, -7.78801814804204, 5.581628542486845]];biases=[-0.7436763654556611];activationFunc=Sigmoid}
]
}
NeuralNetwork{
Number_of_neurons: [5,16,16,1]
layers:
[layer0: Layer{weights=[[3.6991773989689705, -4.770259358668254, -8.194831841876045, -4.917952290314274, 3.8002568802855166],[3.752654149947091, -4.6687833641566705, -4.233216427012236, -2.978505123984778, 5.792051771054181],[-0.018190833443350485, -9.07526027447162, 3.7444449248960012, 6.062733745634265, -6.3514621693208255],[5.1956931314861095, 1.1296866366542666, -5.017304388711528, 8.828272465216312, -6.530458506446162],[-0.8594064029040744, -8.207780135146223, -6.117345698243167, -9.72772653492621, -6.919890084397262],[9.275018234077315, -1.7898733386567596, 8.528469086356985, 6.07798967944429, 6.214548335470791],[6.68344832041732, 2.2771808255454378, 5.501558542380511, 1.7534743139259117, -8.45533954747998],[-4.132433636823, 3.2475364498025243, 2.986492314437415, 8.374703872806336, -9.885194006607922],[7.9041770701821115, -0.5640819203656822, -8.622402593912426, 7.4401724784888685, 8.327241957775676],[-4.973370746054481, -2.3065708125911444, -8.83090429364012, -8.210292580826604, 2.137839529203731],[5.939771234777439, 4.379238316627031, 1.27381630281352, -0.6172710238572048, 0.20876298666468784],[8.144016538045491, -9.088455490218525, -0.90887471163893, -9.192152880478172, -3.324386486319659],[-3.7821516475965637, -1.4626032534246942, 1.0196896456674782, 3.479485468386784, 9.726590883369479],[5.017911189137468, -6.0422960281404725, -1.3614274655060594, 9.60039429912516, -3.944953795851185],[-9.396575921394382, 4.6953829978501, 9.168288937875253, -5.6509608868044525, 2.778661628825631],[-6.58954322631057, -5.02765375375108, -5.574252303564034, 6.635677607426228, -0.514414099538314]];biases=[5.0533104185720195, -4.963246125867597, 6.899781582793086, -2.6703456692676024, -2.44662603810516, -3.7767378157374214, -1.4851579080926154, -1.153580434426523, -7.468096193596267, -4.215454137850623, 5.04478555821324, -2.5554933010067966, 3.483410443035188, 2.512164674459928, -4.255009697489179, 2.99541888062517];activationFunc=ReLu}
layer1: Layer{weights=[[5.683501397559727, 6.296132972454853, -8.573049289377945, -0.0672625928742221, 5.110786196046689, -7.449920758528046, -1.3824336835006257, 7.614599999166142, 3.749059875257867, 5.898169787996981, -8.068109169660922, -7.430247055951433, 8.174613453111615, 1.9469334493360009, -4.74998557226421, -1.1467469498977358],[7.80799006981303, 8.520983032951499, -6.785880357178613, -8.946367026947213, -9.072892259192544, -3.315169738904835, 6.161608955828612, 6.09439095171934, -0.31628086006369216, 5.048469287710182, 2.339766747956757, 7.2900817496922485, -5.558781482897186, 1.5670164634821901, 9.251854203949755, 0.9271857616332078],[-5.059278140084382, -1.191821297369163, -4.216545715256588, 9.485097197611566, -7.369796287497509, 3.2429218832087603, 7.767229921409687, 8.117722157893088, 0.5565231172729757, -3.983246302954928, -6.413192605821747, -6.0399721902181085, -9.26231996305515, 7.133632769745134, -8.518388165614327, -3.048989107451896],[9.270069169229888, -2.397353719104367, -7.061021474068763, -6.916717354017095, -5.359496064065537, 3.821884526610848, -1.9950384720486642, -0.29805196070907414, -6.710589942214769, 1.595566533562378, 1.1232155423723515, 1.8517709783391485, 4.536474072570886, -3.157726132253349, -8.799972197882726, 5.513050283190497],[0.9110618933264938, -5.330024694890955, 8.21277016523301, 2.5580950449556816, 7.2557227256396715, 2.6913620811559564, 5.784077335751814, -0.8502726384709014, 2.4511499177601443, -2.2834083487224044, 8.459914687543925, 4.852147284557862, 5.009571400805299, 2.016308210209923, -8.733086226165742, 9.512021846978772],[9.08016233401051, -5.426234243929315, 2.8191915237720835, 4.233856178236941, 3.633771427405023, -9.885179018236059, 9.999874046982232, -0.24023563992387054, -6.261444973961192, 3.395044236258107, 4.3434929088786145, -9.97414829771639, -7.954192813091425, 8.668997539135756, 0.38572505818229175, -3.416235294116971],[0.028541888326680365, -5.056743615974259, 5.9324578244709425, -2.53638546510828, -2.92143757327808, -7.854848471569181, 8.096755661141437, 7.245095808972749, 7.928027471420879, -7.274944767676434, -1.4870047674370177, -1.281070512332132, -6.719105937537819, -7.247632793645311, -5.214919049234079, -8.41476555024599],[-1.7982115846153963, -8.219553498840945, -5.293045900518716, 6.765976586251707, 0.1574859826889643, -0.032168466243998495, -2.6171321679922492, 3.9810908074490996, 2.9431002669182362, 4.581586787325879, -9.958104819794592, -4.364606751806754, 0.0075925807412708934, 2.8487010062792617, -4.4543883703854315, -4.010339788237529],[4.059655574641832, 8.24964266202156, -2.7893288963337737, 5.385378704212503, -2.4674582350090457, -0.8436346753516659, -0.1381409737460011, -3.6607533429332895, 3.7636695934297375, -2.1145378286363474, 0.179682872918832, -0.007873400558413124, -7.736043585300438, 4.716927602882095, -0.4236484493607584, -9.343016986568589],[4.251528182669308, -2.828020227334143, 9.5017238390691, 4.158650596938898, -3.7393599576863483, 6.855964011197518, 0.26108579653161357, 0.8117284017783692, 1.6199071642108152, -1.666047124988781, -5.097031096031042, -3.2672262114301613, -8.782135189581549, -4.789894524663582, 2.0968473847166162, -7.86235853363491],[-1.0759899966134832, 0.8693279233748434, 3.992722755792414, 1.4347973638471583, -8.506273714408128, 9.199477231373436, -0.29457454469752165, -0.6131397078061802, -5.923430030678967, -9.440497873031124, -7.593139216096305, 1.7910682166764875, -9.546460070329378, 5.708481737172688, -1.145892884893998, -5.875911718327275],[-3.8717708066257934, 0.3342104042413041, -8.676928765046227, 6.416565751866074, -5.334384818610194, -2.515271217131847, 0.5194660186279414, -5.443404766402997, 4.523090833685659, 1.9507913782611812, 1.263973907844612, 2.273166311591739, -0.35605882657862864, -7.86062491904606, -9.210180113944995, -1.2577510471695241],[-5.221406488603222, 8.365802888838424, 2.0210559820984297, -0.4345023757672415, 3.0356430693830703, -1.828469221294215, -1.5585275286721973, 9.333489870760353, 4.457464074868556, -8.467828593090589, 2.7313224378241685, -0.2737622811964684, 6.607716880589315, -5.28934389549514, 4.533308192881885, 5.59730014200802],[-5.381186656163908, -6.247360445000423, -1.9017730101653196, -4.522569790909905, -1.3886135623562819, 2.941084190439039, -8.465153023930165, -9.83773067569388, -0.16290701155525866, 6.774737450534214, 1.5065790984683716, -6.702893306402653, -6.172114632733106, 4.29394325117056, -6.0762153023083805, 5.883752950033234],[8.72582614042274, -7.043150161887322, 3.8795139195789297, 4.308809151594559, 7.897214919977749, 8.497895051583903, -8.656438521454303, 2.963476911174922, 0.34842799433532434, 6.380014398708745, -9.391492784655702, 7.323788503089233, -4.395719681649572, -4.772418534299369, 7.838197103982473, -8.396928873684928],[4.375414822201609, -8.871451723905457, 5.333692396295774, 0.997631022827683, 0.3654307212650103, -0.618252602385267, 2.1397138123457573, -5.3072358532153725, -1.7519516283108452, 0.8032924762225306, -0.10287209004542675, 6.467561207319456, -6.585086582797026, -4.428052127248561, 0.20441885999299636, 1.7121120727872672]];biases=[1.9297073635130282, -0.32193108565961737, 0.03413916019177421, -0.8215718113883153, 9.905468184177842, 0.7043719567224933, 0.7339887873192641, 0.6341682780808693, -2.006395444069719, -7.721983443014562, 9.942034534391219, -1.842067342042089, -8.199173401061024, -2.9193217718415987, -2.5925869869094065, 5.180855987390753];activationFunc=ReLu}
layer2: Layer{weights=[[3.5532663595249065, -3.5225316818570906, 8.51068904274069, 4.380801683102089, -0.29826610521628005, -6.885888034601253, 2.241666148893046, 5.532682678097689, -0.46424775640727134, -4.288211280465606, -5.506205580565677, 8.116466350401112, 0.36119923031141354, 5.183362831783057, -7.78801814804204, 5.581628542486845]];biases=[2.0452350141931426];activationFunc=Sigmoid}
]
}
NeuralNetwork{
Number_of_neurons: [5,16,16,1]
layers:
[layer0: Layer{weights=[[3.6991773989689705, -4.770259358668254, -8.194831841876045, -4.917952290314274, 3.8002568802855166],[3.752654149947091, -4.6687833641566705, -4.233216427012236, -2.978505123984778, 5.792051771054181],[-0.018190833443350485, -9.07526027447162, 8.379838014126861, -2.1929033890755374, -6.3514621693208255],[5.1956931314861095, 1.1296866366542666, -5.017304388711528, 8.828272465216312, -6.530458506446162],[-0.8594064029040744, -8.207780135146223, -6.117345698243167, -9.72772653492621, -1.8834492257047746],[9.275018234077315, -0.8664638052213327, 8.528469086356985, 6.07798967944429, 6.214548335470791],[8.89725353978892, 6.5464744283043395, 5.501558542380511, 1.7534743139259117, -8.45533954747998],[-4.132433636823, 3.2475364498025243, 2.986492314437415, 8.374703872806336, -9.885194006607922],[7.9041770701821115, -0.5640819203656822, -8.622402593912426, 7.4401724784888685, 8.327241957775676],[-4.973370746054481, -2.3065708125911444, -8.83090429364012, -6.365616224657651, 2.137839529203731],[5.939771234777439, 4.379238316627031, 1.27381630281352, 0.8171935559757415, 0.20876298666468784],[8.144016538045491, -9.857572100430552, -0.90887471163893, -9.192152880478172, -3.324386486319659],[-3.7821516475965637, -1.4626032534246942, 1.0196896456674782, 3.479485468386784, 9.726590883369479],[5.017911189137468, -6.0422960281404725, -1.3614274655060594, 9.60039429912516, -3.944953795851185],[-9.396575921394382, -1.7803818722599534, 9.168288937875253, -5.6509608868044525, 2.628441738390821],[-6.58954322631057, -5.02765375375108, -5.574252303564034, 3.5789456080882225, -7.914189475682079]];biases=[5.0533104185720195, 0.2156083512639455, 6.899781582793086, -2.6703456692676024, -2.44662603810516, -3.7767378157374214, -1.4851579080926154, -1.153580434426523, 7.396031136308025, 3.391609139482906, 5.04478555821324, -2.5554933010067966, 3.483410443035188, 2.512164674459928, -4.255009697489179, 2.99541888062517];activationFunc=ReLu}
layer1: Layer{weights=[[-6.365268444914303, 6.296132972454853, -8.573049289377945, -0.0672625928742221, 5.110786196046689, 0.4859878679373981, -1.3824336835006257, 7.614599999166142, 3.749059875257867, 5.898169787996981, -8.068109169660922, 7.373004434304455, 8.174613453111615, 1.9469334493360009, -2.784940996088448, -1.1467469498977358],[3.5424279345918546, 8.520983032951499, -6.785880357178613, -8.946367026947213, -9.072892259192544, -3.315169738904835, 6.161608955828612, 6.09439095171934, -0.31628086006369216, 5.048469287710182, 2.339766747956757, 1.0917155760752717, -5.558781482897186, 1.5670164634821901, 9.251854203949755, 0.9271857616332078],[-5.059278140084382, -1.191821297369163, -4.216545715256588, 9.485097197611566, -7.369796287497509, 3.2429218832087603, 7.767229921409687, 8.117722157893088, 0.5565231172729757, -3.983246302954928, -6.413192605821747, -6.0399721902181085, -9.26231996305515, 7.133632769745134, -8.518388165614327, -3.048989107451896],[9.270069169229888, -2.397353719104367, -6.86466608152365, 6.02024153720884, 1.153223699343597, 3.821884526610848, -1.9950384720486642, -0.29805196070907414, -6.710589942214769, 1.595566533562378, -5.332591338202084, 1.8517709783391485, 6.323125322432048, 9.943175309684122, 1.4255421750085677, 5.513050283190497],[8.469229722586462, -5.330024694890955, 8.21277016523301, 8.934878745637661, 7.2557227256396715, 9.737818017802567, 5.784077335751814, 1.3839698424908562, 2.4511499177601443, -2.2834083487224044, 3.7077934044085303, 4.852147284557862, 8.824190371086878, 5.78396067530055, -8.733086226165742, 1.151708291510328],[9.08016233401051, -5.426234243929315, 2.8191915237720835, 4.233856178236941, 3.633771427405023, -9.885179018236059, 9.999874046982232, -0.24023563992387054, -6.261444973961192, 3.395044236258107, 4.3434929088786145, -9.97414829771639, -7.954192813091425, 8.668997539135756, 0.38572505818229175, -3.416235294116971],[0.028541888326680365, -5.056743615974259, 5.9324578244709425, -2.53638546510828, -2.92143757327808, -7.854848471569181, 8.096755661141437, 7.245095808972749, 7.928027471420879, -7.274944767676434, -1.4870047674370177, -1.281070512332132, -6.719105937537819, -7.247632793645311, -5.214919049234079, -8.41476555024599],[-1.7982115846153963, -8.219553498840945, -5.293045900518716, 6.765976586251707, 0.1574859826889643, -0.032168466243998495, -2.6171321679922492, 3.9810908074490996, 2.9431002669182362, 4.581586787325879, -9.958104819794592, -4.364606751806754, 0.0075925807412708934, 2.8487010062792617, -1.7179242128299137, -4.010339788237529],[4.059655574641832, 0.4130617391706153, -2.7893288963337737, -4.853154201464851, -2.4674582350090457, -0.8436346753516659, -0.1381409737460011, -3.6607533429332895, 8.696338599709073, 0.4650101991132338, 0.179682872918832, -0.007873400558413124, -7.736043585300438, 4.716927602882095, -0.4236484493607584, -4.134134243532053],[4.251528182669308, -2.828020227334143, 9.5017238390691, 4.158650596938898, -3.7393599576863483, 6.855964011197518, 0.26108579653161357, 0.8117284017783692, 1.6199071642108152, -7.686245544730879, -5.097031096031042, -3.2672262114301613, -8.782135189581549, -4.95465489298863, 2.0968473847166162, 3.431459812757666],[-1.0759899966134832, 0.8693279233748434, 3.992722755792414, 1.4347973638471583, -8.506273714408128, 9.199477231373436, -0.29457454469752165, -0.6131397078061802, -5.923430030678967, -9.440497873031124, -7.593139216096305, 1.7910682166764875, -9.546460070329378, 5.708481737172688, -1.145892884893998, -1.4018673378224573],[-3.8717708066257934, 0.3342104042413041, -8.676928765046227, 6.416565751866074, -4.516250585376376, -2.515271217131847, 0.5194660186279414, -5.443404766402997, 4.523090833685659, -0.40948702785722446, 1.263973907844612, 2.273166311591739, 3.3131029792838653, -7.86062491904606, -9.210180113944995, -1.2577510471695241],[-5.221406488603222, 8.365802888838424, 2.0210559820984297, 7.131513734030172, -1.4041389286303243, -1.828469221294215, -1.5585275286721973, 9.333489870760353, 4.457464074868556, -8.467828593090589, 2.7313224378241685, -0.2737622811964684, 6.607716880589315, 6.6983076313695875, 6.331164664475452, 5.59730014200802],[0.9018360157536893, -6.247360445000423, -1.9017730101653196, -4.522569790909905, -1.3886135623562819, 2.941084190439039, -8.465153023930165, -8.250912869510643, -0.16290701155525866, 6.774737450534214, 1.5065790984683716, -6.702893306402653, -7.672086946695693, 4.29394325117056, -6.0762153023083805, 5.883752950033234],[5.4518481153439335, -7.043150161887322, 3.8795139195789297, 4.308809151594559, 7.897214919977749, 8.497895051583903, -8.656438521454303, 2.963476911174922, 0.34842799433532434, 6.380014398708745, -9.391492784655702, 2.5110177671598066, -4.395719681649572, -4.772418534299369, 7.838197103982473, -8.396928873684928],[4.375414822201609, -8.871451723905457, -9.157227963873098, 0.997631022827683, 0.3654307212650103, -0.618252602385267, 2.1397138123457573, -5.3072358532153725, -1.7519516283108452, 0.8032924762225306, -0.10287209004542675, 6.467561207319456, -6.585086582797026, -4.428052127248561, 0.20441885999299636, 1.7121120727872672]];biases=[1.9297073635130282, -0.32193108565961737, 0.03413916019177421, -0.12775876150995025, 9.905468184177842, 0.7043719567224933, 0.7339887873192641, 0.6341682780808693, -2.006395444069719, -7.721983443014562, 9.942034534391219, -1.72827219307338, -8.199173401061024, -2.9193217718415987, -2.5925869869094065, 5.180855987390753];activationFunc=ReLu}
layer2: Layer{weights=[[4.4941763701650075, -3.5225316818570906, 8.51068904274069, 4.380801683102089, -0.29826610521628005, -5.720907544854292, 2.241666148893046, 5.532682678097689, -0.46424775640727134, -2.9174774050477286, -5.506205580565677, 8.116466350401112, 0.36119923031141354, 5.183362831783057, -7.78801814804204, 8.005779154053648]];biases=[2.0452350141931426];activationFunc=Sigmoid}
]
}
NeuralNetwork{
Number_of_neurons: [5,16,16,1]
layers:
[layer0: Layer{weights=[[3.6991773989689705, -4.770259358668254, -8.194831841876045, -4.917952290314274, 2.4856019991984013],[3.752654149947091, -4.6687833641566705, -4.233216427012236, 4.5113247003085455, 5.792051771054181],[-0.018190833443350485, -9.07526027447162, -6.802535194912627, 6.062733745634265, -6.3514621693208255],[5.1956931314861095, 5.708587537924872, -5.017304388711528, 8.828272465216312, -6.530458506446162],[-0.8594064029040744, -8.207780135146223, -6.117345698243167, -9.72772653492621, -6.919890084397262],[9.275018234077315, -1.7898733386567596, 8.528469086356985, 6.07798967944429, 6.214548335470791],[6.68344832041732, 2.2771808255454378, 5.501558542380511, 1.7534743139259117, -8.45533954747998],[-4.132433636823, 3.2475364498025243, 2.986492314437415, 8.374703872806336, -9.885194006607922],[7.9041770701821115, -0.5640819203656822, -8.622402593912426, 7.4401724784888685, 8.327241957775676],[-4.973370746054481, -2.3065708125911444, -8.83090429364012, -6.365616224657651, 2.137839529203731],[5.939771234777439, 4.379238316627031, 1.27381630281352, 0.8171935559757415, 5.205092859407181],[8.144016538045491, -0.44036657992311135, -8.581077063837256, -9.192152880478172, -3.324386486319659],[-3.7821516475965637, -1.4626032534246942, 1.0196896456674782, 3.479485468386784, 9.726590883369479],[5.017911189137468, -9.169452297610743, -1.3614274655060594, 9.60039429912516, -3.944953795851185],[-9.396575921394382, 4.6953829978501, 9.168288937875253, -5.6509608868044525, 2.778661628825631],[-6.58954322631057, -3.3054228562771932, -5.574252303564034, 3.5789456080882225, -7.914189475682079]];biases=[5.0533104185720195, -4.963246125867597, 6.899781582793086, -2.6703456692676024, 0.5672465162732365, -3.7767378157374214, -1.4851579080926154, -1.153580434426523, -7.468096193596267, 5.958320901382963, 5.04478555821324, -2.5554933010067966, 3.483410443035188, 2.512164674459928, -4.255009697489179, 2.99541888062517];activationFunc=ReLu}
layer1: Layer{weights=[[-6.365268444914303, 6.296132972454853, -8.573049289377945, -0.0672625928742221, 0.3499817760610231, -7.449920758528046, -1.3824336835006257, 7.614599999166142, 3.749059875257867, 5.898169787996981, -8.068109169660922, -7.430247055951433, 8.174613453111615, 1.9469334493360009, -4.74998557226421, -1.1467469498977358],[7.80799006981303, 8.520983032951499, -6.785880357178613, 1.381340213768656, -9.072892259192544, -3.315169738904835, 6.161608955828612, 6.09439095171934, -1.7117574675042118, 5.048469287710182, -7.776102958493114, 1.0917155760752717, -5.558781482897186, 1.5670164634821901, 9.251854203949755, 0.9271857616332078],[-5.059278140084382, -1.191821297369163, -4.832046124769027, 9.485097197611566, -7.369796287497509, 3.2429218832087603, 7.767229921409687, 9.077348841111387, 0.5565231172729757, -2.926365615790223, 0.7013527924258351, -6.0399721902181085, -9.26231996305515, 7.133632769745134, -8.518388165614327, -3.048989107451896],[9.270069169229888, -2.397353719104367, -7.061021474068763, 6.02024153720884, -5.359496064065537, 3.821884526610848, -1.9950384720486642, -0.29805196070907414, -5.418674530677146, 1.595566533562378, -5.332591338202084, 1.8517709783391485, 6.323125322432048, 9.943175309684122, -8.799972197882726, 5.513050283190497],[8.469229722586462, -5.330024694890955, -9.12879774943588, 2.5580950449556816, 7.2557227256396715, 2.6913620811559564, 5.784077335751814, -6.715814224681427, 2.4511499177601443, -2.2834083487224044, 3.458938059027563, 4.852147284557862, 8.824190371086878, 2.016308210209923, -8.733086226165742, 1.151708291510328],[9.08016233401051, -5.426234243929315, 2.8191915237720835, 4.233856178236941, 3.633771427405023, -9.885179018236059, 9.999874046982232, -0.24023563992387054, -6.261444973961192, 3.395044236258107, 4.3434929088786145, -9.97414829771639, -7.954192813091425, 8.668997539135756, 0.38572505818229175, -3.416235294116971],[0.028541888326680365, -5.056743615974259, 5.9324578244709425, -2.53638546510828, -2.92143757327808, -2.570864283665597, 8.096755661141437, 7.245095808972749, 7.928027471420879, -7.274944767676434, -1.4870047674370177, -1.281070512332132, -6.719105937537819, -7.247632793645311, -5.214919049234079, -8.41476555024599],[-1.7982115846153963, -8.219553498840945, -5.293045900518716, 6.765976586251707, 0.1574859826889643, -0.032168466243998495, -2.6171321679922492, 3.9810908074490996, 2.9431002669182362, 4.581586787325879, -9.958104819794592, -4.364606751806754, 0.0075925807412708934, -5.259169687695248, -0.1417879174660115, -4.010339788237529],[4.059655574641832, 8.24964266202156, -2.7893288963337737, 1.5758594404433541, -2.4674582350090457, -4.110661836129008, -0.1381409737460011, -3.6607533429332895, 3.7636695934297375, 0.4650101991132338, 0.179682872918832, -0.007873400558413124, -7.736043585300438, 4.716927602882095, -0.4236484493607584, 1.7161452484269546],[-8.99439358011488, -2.828020227334143, 9.5017238390691, 4.158650596938898, -3.7393599576863483, 6.855964011197518, 0.26108579653161357, 0.8117284017783692, 1.6199071642108152, -7.686245544730879, -3.4824318186066687, -3.2672262114301613, -8.782135189581549, -4.789894524663582, 2.0968473847166162, 3.431459812757666],[-1.0759899966134832, 0.8693279233748434, 3.992722755792414, -6.567489940953271, -8.506273714408128, 9.199477231373436, -0.29457454469752165, -0.6131397078061802, 7.624897321829327, -2.6579141789638356, -7.593139216096305, 1.7910682166764875, -9.546460070329378, 5.708481737172688, -1.145892884893998, -1.4018673378224573],[1.944458675266885, 0.3342104042413041, -3.712279988920062, 6.416565751866074, -5.334384818610194, -2.515271217131847, 0.5194660186279414, -5.443404766402997, 4.523090833685659, -0.40948702785722446, 1.263973907844612, 2.273166311591739, -0.35605882657862864, -5.539096212362904, -9.210180113944995, -1.2577510471695241],[-5.221406488603222, 8.365802888838424, 2.0210559820984297, -0.4345023757672415, 3.0356430693830703, -1.828469221294215, -1.5585275286721973, 9.333489870760353, 4.457464074868556, -8.467828593090589, 2.7313224378241685, -0.2737622811964684, 6.607716880589315, 6.6983076313695875, 6.331164664475452, 5.59730014200802],[6.102217962669965, -6.247360445000423, -1.9017730101653196, -4.522569790909905, -1.3886135623562819, 2.941084190439039, -8.465153023930165, -8.250912869510643, -0.16290701155525866, 6.774737450534214, 1.5065790984683716, -6.702893306402653, -6.172114632733106, -6.57082434801342, -6.0762153023083805, 5.883752950033234],[8.72582614042274, -7.043150161887322, 3.8795139195789297, 4.308809151594559, 7.897214919977749, 8.497895051583903, -8.656438521454303, 2.963476911174922, 0.34842799433532434, 6.380014398708745, -9.391492784655702, 7.323788503089233, -4.395719681649572, -4.772418534299369, 7.838197103982473, -8.396928873684928],[4.375414822201609, -8.871451723905457, -9.157227963873098, 0.997631022827683, 0.3654307212650103, -0.618252602385267, 2.1397138123457573, -5.3072358532153725, -1.7519516283108452, 0.8032924762225306, -0.10287209004542675, 6.467561207319456, -6.585086582797026, -4.428052127248561, 0.20441885999299636, 1.7121120727872672]];biases=[1.9297073635130282, -0.32193108565961737, 0.03413916019177421, -0.12775876150995025, 9.809494587632557, 0.7043719567224933, 0.7339887873192641, 0.6341682780808693, -2.006395444069719, -7.721983443014562, 9.942034534391219, -1.842067342042089, -8.199173401061024, 2.5627337971716972, 3.923922814109517, 5.180855987390753];activationFunc=ReLu}
layer2: Layer{weights=[[4.4941763701650075, -3.5225316818570906, 8.51068904274069, 4.380801683102089, -0.29826610521628005, -6.885888034601253, 2.241666148893046, 5.532682678097689, -0.46424775640727134, -4.288211280465606, -5.506205580565677, 8.116466350401112, 0.36119923031141354, 5.183362831783057, -7.78801814804204, 5.581628542486845]];biases=[2.965933770896802];activationFunc=Sigmoid}
]
}
NeuralNetwork{
Number_of_neurons: [5,16,16,1]
layers:
[layer0: Layer{weights=[[3.6991773989689705, -4.770259358668254, -8.194831841876045, -4.917952290314274, 3.8002568802855166],[3.752654149947091, -4.6687833641566705, -4.233216427012236, -2.978505123984778, 5.792051771054181],[-0.018190833443350485, -9.07526027447162, -2.3815989661218895, 6.062733745634265, -6.3514621693208255],[5.1956931314861095, 6.7251205320358345, -5.017304388711528, 8.828272465216312, -6.530458506446162],[-0.8594064029040744, -8.207780135146223, -6.117345698243167, -9.72772653492621, -6.919890084397262],[9.275018234077315, -1.7898733386567596, 8.528469086356985, 6.07798967944429, 6.214548335470791],[-7.568903386792933, 2.2771808255454378, 5.501558542380511, 1.7534743139259117, -8.45533954747998],[-4.132433636823, 3.2475364498025243, 2.986492314437415, 8.374703872806336, -9.885194006607922],[7.9041770701821115, -0.5640819203656822, -8.622402593912426, 7.4401724784888685, 8.327241957775676],[-4.973370746054481, -2.3065708125911444, -8.83090429364012, -6.365616224657651, 2.137839529203731],[5.939771234777439, 4.379238316627031, 1.27381630281352, 0.8171935559757415, 0.20876298666468784],[8.144016538045491, -9.088455490218525, -0.90887471163893, -9.192152880478172, -6.556577733771995],[-3.7821516475965637, -1.4626032534246942, 1.0196896456674782, 3.479485468386784, 8.139338668886236],[5.017911189137468, -6.0422960281404725, -1.3614274655060594, 9.60039429912516, -3.944953795851185],[-9.396575921394382, 4.6953829978501, 9.168288937875253, -5.6509608868044525, 2.778661628825631],[-6.58954322631057, -5.02765375375108, -5.574252303564034, 3.5789456080882225, -7.914189475682079]];biases=[5.0533104185720195, -4.963246125867597, 0.8194106129404748, 0.085519584563583, -2.44662603810516, -3.7767378157374214, -1.4851579080926154, -1.153580434426523, -7.468096193596267, -4.215454137850623, 5.04478555821324, -2.5554933010067966, 3.483410443035188, 2.512164674459928, -4.255009697489179, 2.99541888062517];activationFunc=ReLu}
layer1: Layer{weights=[[-6.365268444914303, 6.296132972454853, -8.573049289377945, -0.0672625928742221, 5.110786196046689, 7.006108804081968, -1.3824336835006257, 7.614599999166142, 3.749059875257867, 5.898169787996981, -8.068109169660922, -7.430247055951433, 8.174613453111615, 1.9469334493360009, -4.74998557226421, 1.4004151049514455],[7.80799006981303, 8.520983032951499, -6.785880357178613, -8.946367026947213, -9.072892259192544, -3.315169738904835, -4.179411901885315, -5.660363053261037, -0.31628086006369216, 5.048469287710182, 2.339766747956757, 1.0917155760752717, -3.276309997656357, 1.5670164634821901, 9.251854203949755, 0.9271857616332078],[-5.059278140084382, -1.191821297369163, -4.216545715256588, 9.485097197611566, -7.369796287497509, 3.2429218832087603, 7.767229921409687, 8.117722157893088, -4.073311444338428, -3.983246302954928, -6.413192605821747, -6.0399721902181085, 0.4254534075451222, 7.133632769745134, -8.518388165614327, -3.048989107451896],[9.270069169229888, -2.397353719104367, -7.061021474068763, 6.02024153720884, 2.5592972293462033, 3.821884526610848, -1.9950384720486642, -0.29805196070907414, -6.710589942214769, 1.595566533562378, -5.332591338202084, 1.8517709783391485, 6.323125322432048, 9.943175309684122, -8.799972197882726, 5.513050283190497],[8.469229722586462, -5.330024694890955, 8.21277016523301, 2.5580950449556816, 7.2557227256396715, 2.6913620811559564, 5.784077335751814, -6.715814224681427, 2.4511499177601443, -2.2834083487224044, -7.987296123696193, 4.852147284557862, 8.824190371086878, 2.016308210209923, -0.4865065650451186, 1.151708291510328],[9.08016233401051, -5.426234243929315, 2.8191915237720835, 4.233856178236941, 3.633771427405023, -9.885179018236059, 9.999874046982232, -0.24023563992387054, -6.261444973961192, 3.395044236258107, 4.3434929088786145, -9.97414829771639, -7.954192813091425, 8.668997539135756, 0.38572505818229175, -3.416235294116971],[0.028541888326680365, -5.056743615974259, 5.9324578244709425, 5.562965342999808, -2.92143757327808, -7.854848471569181, 8.096755661141437, 2.7688021075136042, 7.928027471420879, -7.274944767676434, -1.4870047674370177, -1.281070512332132, -6.719105937537819, -7.247632793645311, -5.214919049234079, -8.41476555024599],[-1.7982115846153963, -8.219553498840945, -5.293045900518716, 6.765976586251707, 0.1574859826889643, -0.032168466243998495, -2.6171321679922492, 3.9810908074490996, 2.9431002669182362, 4.581586787325879, -9.958104819794592, -4.364606751806754, 0.0075925807412708934, 2.8487010062792617, -0.1417879174660115, -4.010339788237529],[4.059655574641832, 8.24964266202156, -2.7893288963337737, 5.385378704212503, 5.695703964961718, -0.8436346753516659, -0.1381409737460011, -3.6607533429332895, 3.7636695934297375, 0.4650101991132338, 0.179682872918832, 6.476420856914437, -7.736043585300438, 4.716927602882095, -0.4236484493607584, 1.7161452484269546],[4.251528182669308, -2.828020227334143, 9.5017238390691, 4.158650596938898, -3.7393599576863483, 6.855964011197518, 0.26108579653161357, 0.8117284017783692, 1.6199071642108152, -7.686245544730879, 1.0768321828438658, -3.2672262114301613, -8.782135189581549, -4.789894524663582, 2.0968473847166162, 3.431459812757666],[-1.0759899966134832, 0.8693279233748434, 3.992722755792414, 1.4347973638471583, -8.506273714408128, 9.199477231373436, -0.29457454469752165, -0.6131397078061802, -5.923430030678967, -9.440497873031124, -7.593139216096305, 1.7910682166764875, -9.546460070329378, -0.540154364395109, -1.145892884893998, -1.4018673378224573],[-3.8717708066257934, 0.3342104042413041, -8.676928765046227, 6.416565751866074, -5.334384818610194, -2.515271217131847, 0.5194660186279414, 2.487650673378095, 4.523090833685659, -0.40948702785722446, 1.263973907844612, 2.273166311591739, -0.35605882657862864, -7.86062491904606, -9.210180113944995, -1.2577510471695241],[-5.221406488603222, 8.365802888838424, 2.0210559820984297, -0.4345023757672415, 3.0356430693830703, -1.828469221294215, 0.7431688953286812, 9.333489870760353, 4.457464074868556, -8.467828593090589, 2.7313224378241685, -0.2737622811964684, 4.095268569736303, 6.6983076313695875, 6.331164664475452, 5.59730014200802],[-5.381186656163908, -6.247360445000423, -1.9017730101653196, -4.522569790909905, -1.3886135623562819, 2.941084190439039, 7.68835888817269, -8.250912869510643, -0.16290701155525866, 5.365493555467607, 1.5065790984683716, -6.702893306402653, -6.172114632733106, 4.29394325117056, -6.0762153023083805, 5.883752950033234],[8.72582614042274, -7.043150161887322, 3.8795139195789297, 4.308809151594559, 7.897214919977749, 8.497895051583903, -8.656438521454303, 2.963476911174922, 0.34842799433532434, 6.380014398708745, -3.5187302884541776, 7.323788503089233, -4.395719681649572, -4.772418534299369, 7.838197103982473, -8.396928873684928],[-6.772956116078168, -8.871451723905457, -9.157227963873098, 0.997631022827683, 0.3654307212650103, -0.618252602385267, 2.1397138123457573, -5.3072358532153725, -1.7519516283108452, -8.798700007871002, -0.10287209004542675, 6.467561207319456, -6.585086582797026, -4.428052127248561, 0.20441885999299636, 1.7121120727872672]];biases=[1.9297073635130282, -0.32193108565961737, 0.03413916019177421, -0.12775876150995025, 9.905468184177842, 0.7043719567224933, 0.7339887873192641, 0.6341682780808693, -2.006395444069719, -7.721983443014562, 9.942034534391219, -1.842067342042089, -8.199173401061024, -2.9193217718415987, -2.5925869869094065, 5.180855987390753];activationFunc=ReLu}
layer2: Layer{weights=[[4.4941763701650075, -3.5225316818570906, 8.51068904274069, 4.380801683102089, -0.29826610521628005, -6.885888034601253, 2.241666148893046, 5.532682678097689, -0.46424775640727134, -4.288211280465606, -1.3442435402169046, 6.722251727195644, 0.36119923031141354, 5.183362831783057, -7.78801814804204, 5.581628542486845]];biases=[2.0452350141931426];activationFunc=Sigmoid}
]
}
NeuralNetwork{
Number_of_neurons: [5,16,16,1]
layers:
[layer0: Layer{weights=[[3.6991773989689705, -4.770259358668254, -8.194831841876045, -4.917952290314274, 3.8002568802855166],[3.752654149947091, -4.6687833641566705, -9.244692126233154, -5.761415468868765, 5.792051771054181],[-0.018190833443350485, -9.07526027447162, 3.7444449248960012, 6.062733745634265, -6.3514621693208255],[4.297826721023153, 1.1296866366542666, -5.017304388711528, 8.828272465216312, -6.530458506446162],[-0.8594064029040744, 4.411482955443606, -6.117345698243167, -9.72772653492621, -6.919890084397262],[9.275018234077315, -1.7898733386567596, 2.489517830359951, 6.07798967944429, 6.214548335470791],[6.68344832041732, 2.2771808255454378, 5.501558542380511, 1.7534743139259117, -8.45533954747998],[-4.132433636823, 3.2475364498025243, 2.986492314437415, 8.374703872806336, -9.885194006607922],[4.42829266481699, 5.3079567364189195, -8.622402593912426, 7.4401724784888685, 8.327241957775676],[-4.973370746054481, -2.3065708125911444, 2.498780288623127, -6.365616224657651, 2.137839529203731],[5.939771234777439, 4.379238316627031, 1.27381630281352, 0.8171935559757415, 0.20876298666468784],[8.144016538045491, -9.088455490218525, -0.90887471163893, -9.192152880478172, -3.324386486319659],[-3.7821516475965637, -1.4626032534246942, 1.0196896456674782, 3.479485468386784, 9.994365699371215],[5.017911189137468, -6.0422960281404725, -1.3614274655060594, 9.60039429912516, -3.944953795851185],[-9.396575921394382, 4.6953829978501, 9.168288937875253, -5.6509608868044525, 2.778661628825631],[-6.58954322631057, -5.02765375375108, -5.574252303564034, 3.5789456080882225, -7.914189475682079]];biases=[5.0533104185720195, -4.963246125867597, 6.899781582793086, -2.6703456692676024, -2.44662603810516, -3.7767378157374214, -1.4851579080926154, -1.153580434426523, -8.0074249347628, -4.215454137850623, 5.04478555821324, -2.5554933010067966, 3.483410443035188, 2.512164674459928, -4.255009697489179, 2.99541888062517];activationFunc=ReLu}
layer1: Layer{weights=[[-6.365268444914303, 6.296132972454853, -8.573049289377945, -0.0672625928742221, 5.110786196046689, -7.449920758528046, -1.3824336835006257, 7.614599999166142, 3.749059875257867, 5.898169787996981, -8.068109169660922, -7.430247055951433, 8.174613453111615, 1.9469334493360009, -4.74998557226421, -1.1467469498977358],[7.80799006981303, 8.520983032951499, -6.785880357178613, -8.946367026947213, -9.072892259192544, -3.315169738904835, 6.161608955828612, 6.09439095171934, -0.31628086006369216, 5.048469287710182, 2.339766747956757, 1.0917155760752717, -5.558781482897186, 1.5670164634821901, 9.251854203949755, 0.9271857616332078],[-5.059278140084382, -1.191821297369163, -4.216545715256588, 9.652869189823502, -7.369796287497509, 3.2429218832087603, 7.767229921409687, 8.117722157893088, -0.7529253275023624, -3.983246302954928, -6.413192605821747, -6.0399721902181085, -9.26231996305515, 7.133632769745134, -8.518388165614327, -3.048989107451896],[9.270069169229888, -2.397353719104367, -7.061021474068763, 6.02024153720884, -5.359496064065537, 3.821884526610848, -1.9950384720486642, -0.29805196070907414, -6.710589942214769, -6.205620768706743, -5.332591338202084, 1.8517709783391485, 6.323125322432048, 9.943175309684122, -8.799972197882726, 5.513050283190497],[8.469229722586462, -5.330024694890955, 8.21277016523301, 2.5580950449556816, 7.2557227256396715, 2.6913620811559564, 5.784077335751814, -6.715814224681427, 2.4511499177601443, -2.2834083487224044, 3.7077934044085303, 4.852147284557862, 8.824190371086878, 2.016308210209923, -8.733086226165742, 1.151708291510328],[-7.885433915975306, -5.426234243929315, 2.8191915237720835, 4.233856178236941, 3.633771427405023, -5.240863642664149, 9.999874046982232, -0.24023563992387054, -6.261444973961192, 3.395044236258107, 4.3434929088786145, -9.97414829771639, 5.701187339851634, 8.668997539135756, 0.38572505818229175, -3.416235294116971],[0.028541888326680365, -5.056743615974259, 5.9324578244709425, -2.53638546510828, -2.92143757327808, -7.854848471569181, 8.096755661141437, 7.245095808972749, 7.928027471420879, -7.274944767676434, -1.4870047674370177, -1.281070512332132, -6.719105937537819, -7.247632793645311, -5.214919049234079, -8.41476555024599],[-0.4958113204620922, -8.219553498840945, -5.293045900518716, 9.562359543263547, 0.1574859826889643, -0.032168466243998495, -2.6171321679922492, 3.9810908074490996, 2.9431002669182362, 4.581586787325879, -9.958104819794592, -4.364606751806754, 0.0075925807412708934, 2.8487010062792617, -0.1417879174660115, -4.010339788237529],[4.059655574641832, 8.24964266202156, -2.7893288963337737, 5.385378704212503, -2.4674582350090457, -0.8436346753516659, -0.1381409737460011, -3.6607533429332895, 3.7636695934297375, 9.79929508055558, 0.179682872918832, -0.007873400558413124, 9.570963657211152, 4.716927602882095, -0.4236484493607584, 1.7161452484269546],[4.251528182669308, -2.828020227334143, 9.5017238390691, 4.158650596938898, -3.7393599576863483, 6.855964011197518, 0.26108579653161357, 0.8117284017783692, 1.6199071642108152, -7.686245544730879, -5.097031096031042, -3.2672262114301613, -8.782135189581549, -4.789894524663582, 2.0968473847166162, 3.431459812757666],[-1.0759899966134832, 0.8693279233748434, -3.452749201600273, 1.4347973638471583, -8.506273714408128, 9.199477231373436, -0.29457454469752165, -0.6131397078061802, -5.923430030678967, -9.440497873031124, -7.593139216096305, 1.7910682166764875, -9.546460070329378, 5.708481737172688, -1.145892884893998, -1.4018673378224573],[-3.8717708066257934, 0.3342104042413041, -8.676928765046227, 6.416565751866074, -5.334384818610194, -2.515271217131847, 3.0036762319271144, -5.443404766402997, 4.523090833685659, -0.40948702785722446, 1.263973907844612, 2.273166311591739, -0.35605882657862864, -7.86062491904606, -9.210180113944995, -1.2577510471695241],[-5.221406488603222, -8.145243906754132, 2.0210559820984297, -0.4345023757672415, 3.0356430693830703, -1.828469221294215, -5.813355002556772, 9.333489870760353, 4.457464074868556, -8.467828593090589, -7.069632814772837, -0.2737622811964684, 6.607716880589315, 6.6983076313695875, 4.498420748955949, 1.0465129884840163],[-5.381186656163908, -6.247360445000423, 5.930258130424706, -4.522569790909905, -1.3886135623562819, 2.941084190439039, -8.465153023930165, -8.250912869510643, -0.16290701155525866, 6.774737450534214, 1.5065790984683716, -5.714143355712828, -6.172114632733106, 4.29394325117056, -6.0762153023083805, 5.883752950033234],[8.72582614042274, 9.502139111843846, 3.8795139195789297, 8.60287981493505, 7.897214919977749, 8.497895051583903, -8.656438521454303, 2.963476911174922, 0.34842799433532434, 6.380014398708745, -1.2261008223580454, 7.323788503089233, -4.395719681649572, -4.772418534299369, 7.838197103982473, -8.396928873684928],[4.375414822201609, -8.871451723905457, -9.157227963873098, 0.997631022827683, 0.3654307212650103, -0.618252602385267, 2.1397138123457573, -5.3072358532153725, -1.7519516283108452, 0.8032924762225306, -0.10287209004542675, 6.467561207319456, -6.585086582797026, -4.428052127248561, 0.20441885999299636, 1.7121120727872672]];biases=[1.9297073635130282, -0.32193108565961737, 0.03413916019177421, -6.329799182505679, 9.905468184177842, 0.7043719567224933, 0.7339887873192641, 0.6341682780808693, -2.006395444069719, -7.721983443014562, 9.942034534391219, -1.842067342042089, -8.199173401061024, -2.9193217718415987, -2.5925869869094065, 5.180855987390753];activationFunc=ReLu}
layer2: Layer{weights=[[4.4941763701650075, -3.5225316818570906, 8.51068904274069, 4.380801683102089, -5.6183472913757075, -6.885888034601253, 2.241666148893046, 5.532682678097689, -0.46424775640727134, -4.288211280465606, -5.506205580565677, 8.116466350401112, 0.36119923031141354, 5.183362831783057, -7.78801814804204, 5.581628542486845]];biases=[2.0452350141931426];activationFunc=Sigmoid}
]
}
NeuralNetwork{
Number_of_neurons: [5,16,16,1]
layers:
[layer0: Layer{weights=[[3.6991773989689705, -4.770259358668254, -8.194831841876045, -4.917952290314274, 3.8002568802855166],[3.752654149947091, -4.6687833641566705, -4.233216427012236, -2.978505123984778, 5.792051771054181],[-0.018190833443350485, -9.07526027447162, 3.7444449248960012, 6.062733745634265, -6.3514621693208255],[5.1956931314861095, 1.1296866366542666, -5.017304388711528, 8.828272465216312, -6.530458506446162],[-0.8594064029040744, -8.207780135146223, -6.117345698243167, -9.72772653492621, -6.919890084397262],[9.275018234077315, -1.7898733386567596, 8.528469086356985, 6.07798967944429, 6.214548335470791],[6.68344832041732, 2.2771808255454378, 5.501558542380511, 1.7534743139259117, -8.45533954747998],[-4.132433636823, 3.2475364498025243, 2.986492314437415, 8.374703872806336, -9.885194006607922],[7.9041770701821115, 2.4651822315963408, -8.622402593912426, 7.4401724784888685, 8.327241957775676],[-4.973370746054481, -2.3065708125911444, -8.83090429364012, -6.365616224657651, 2.137839529203731],[5.939771234777439, 4.379238316627031, 2.53813462397369, 0.8171935559757415, 0.20876298666468784],[8.144016538045491, -9.088455490218525, -0.90887471163893, -9.192152880478172, -3.324386486319659],[-3.7821516475965637, -1.4626032534246942, 1.0196896456674782, 3.479485468386784, 9.726590883369479],[5.017911189137468, 1.5946053697128537, -1.3614274655060594, 9.60039429912516, -3.944953795851185],[3.98268162993622, 4.6953829978501, 9.168288937875253, -5.6509608868044525, 2.778661628825631],[-6.58954322631057, -5.02765375375108, -5.574252303564034, 3.5789456080882225, -7.914189475682079]];biases=[5.0533104185720195, -4.963246125867597, 6.899781582793086, -2.6703456692676024, -2.44662603810516, -3.7767378157374214, -1.4851579080926154, 0.44846609617048294, -7.468096193596267, -4.215454137850623, 5.04478555821324, -2.5554933010067966, 3.483410443035188, 2.512164674459928, 2.0054011938690035, 2.99541888062517];activationFunc=ReLu}
layer1: Layer{weights=[[-6.365268444914303, -5.491236184670793, -8.573049289377945, -2.9217921415199193, 5.110786196046689, -7.449920758528046, -1.3824336835006257, 7.614599999166142, 3.749059875257867, 5.898169787996981, -8.068109169660922, -7.430247055951433, 8.174613453111615, 1.9469334493360009, -4.74998557226421, -1.1467469498977358],[7.80799006981303, 8.520983032951499, -6.785880357178613, -8.946367026947213, -9.072892259192544, -3.315169738904835, 6.161608955828612, 6.09439095171934, -0.31628086006369216, 5.048469287710182, 2.339766747956757, 1.0917155760752717, -5.558781482897186, 1.5670164634821901, 9.251854203949755, 0.9271857616332078],[-5.059278140084382, -1.191821297369163, -4.216545715256588, 9.485097197611566, -7.369796287497509, 6.218763671685771, 7.767229921409687, 8.117722157893088, 0.5565231172729757, -3.983246302954928, -6.413192605821747, -6.0399721902181085, -9.26231996305515, 7.133632769745134, -8.518388165614327, -3.048989107451896],[9.270069169229888, -2.397353719104367, -7.061021474068763, 6.02024153720884, -5.359496064065537, 3.821884526610848, -1.9950384720486642, -0.29805196070907414, -9.280586799127342, 1.595566533562378, -5.332591338202084, 1.8517709783391485, 6.323125322432048, 9.943175309684122, -8.799972197882726, 5.513050283190497],[8.469229722586462, -5.330024694890955, 8.21277016523301, 2.5580950449556816, -7.295733747252033, 9.859956676767638, 5.784077335751814, -6.715814224681427, 2.4511499177601443, -2.2834083487224044, 9.216212293532948, 4.852147284557862, 0.6766272918086145, 8.962240524083857, -8.733086226165742, 1.151708291510328],[9.08016233401051, -5.426234243929315, 2.8191915237720835, 4.233856178236941, 3.633771427405023, -9.885179018236059, 5.595495588509618, -0.24023563992387054, -6.261444973961192, 3.395044236258107, 4.3434929088786145, -9.97414829771639, -7.954192813091425, -0.2330647955167926, 0.38572505818229175, -6.731701466413067],[0.028541888326680365, -5.056743615974259, 5.9324578244709425, -2.53638546510828, -2.92143757327808, -7.854848471569181, 8.096755661141437, 7.245095808972749, 7.928027471420879, -5.503889436984812, -1.4870047674370177, -1.281070512332132, -6.719105937537819, -7.247632793645311, -5.214919049234079, -8.41476555024599],[-1.7982115846153963, 0.213691651189027, 5.66466872648936, 6.765976586251707, 0.1574859826889643, -0.032168466243998495, -2.6171321679922492, 3.9810908074490996, 2.9431002669182362, 4.581586787325879, -9.958104819794592, -4.364606751806754, 0.0075925807412708934, 2.8487010062792617, -0.1417879174660115, -4.010339788237529],[4.059655574641832, 8.24964266202156, -2.7893288963337737, 5.385378704212503, -2.4674582350090457, -0.8436346753516659, -0.1381409737460011, -3.6607533429332895, 3.7636695934297375, 0.4650101991132338, 0.179682872918832, -0.007873400558413124, -7.736043585300438, 4.716927602882095, -7.736483536875667, -6.941574344139809],[4.251528182669308, -7.6454333262520375, 9.5017238390691, 4.158650596938898, -6.999177315002223, 6.855964011197518, 0.26108579653161357, 0.8117284017783692, 1.6199071642108152, -7.686245544730879, -5.097031096031042, -3.2672262114301613, -8.782135189581549, -4.789894524663582, 2.0968473847166162, 3.431459812757666],[-1.0759899966134832, 0.8693279233748434, 3.992722755792414, 1.4347973638471583, -8.506273714408128, 9.199477231373436, -0.29457454469752165, -0.6131397078061802, -5.923430030678967, -8.179889648008311, -7.593139216096305, 1.7910682166764875, -9.546460070329378, 5.708481737172688, -1.145892884893998, -8.566909917527559],[-3.8717708066257934, -8.732190433781996, -8.676928765046227, 6.416565751866074, -5.334384818610194, -2.515271217131847, 0.5194660186279414, -5.443404766402997, 4.523090833685659, -7.931097621890539, 1.263973907844612, 2.273166311591739, -0.35605882657862864, -7.86062491904606, -9.210180113944995, -1.2577510471695241],[-5.221406488603222, 8.365802888838424, 2.0210559820984297, -0.4345023757672415, 3.0356430693830703, -1.828469221294215, -1.5585275286721973, 9.333489870760353, 4.457464074868556, -8.467828593090589, 2.7313224378241685, -0.2737622811964684, 6.607716880589315, 6.6983076313695875, -5.152270720057146, 5.59730014200802],[-5.381186656163908, -6.247360445000423, -1.9017730101653196, 1.865525593443813, -1.3886135623562819, 2.941084190439039, -8.465153023930165, -8.250912869510643, -0.16290701155525866, 6.774737450534214, 1.5065790984683716, -6.702893306402653, -6.172114632733106, 4.29394325117056, -6.0762153023083805, 5.883752950033234],[8.72582614042274, -7.043150161887322, 3.233875283499266, 4.308809151594559, -2.8267253442635587, -0.044198368877008676, -8.656438521454303, 2.963476911174922, 0.34842799433532434, 6.380014398708745, -9.391492784655702, 7.323788503089233, -4.395719681649572, 7.487612722095225, 7.838197103982473, -8.396928873684928],[4.375414822201609, -8.871451723905457, -9.157227963873098, 0.997631022827683, 0.3654307212650103, -0.618252602385267, 2.1397138123457573, -5.3072358532153725, -1.7519516283108452, 0.8032924762225306, -0.10287209004542675, 6.467561207319456, -6.585086582797026, -4.428052127248561, 0.20441885999299636, 1.7121120727872672]];biases=[1.9297073635130282, -0.32193108565961737, 0.03413916019177421, -0.12775876150995025, -9.326631461826578, 0.7043719567224933, 0.7339887873192641, 6.000313322037634, -2.006395444069719, -7.721983443014562, 9.942034534391219, -1.842067342042089, 7.011351059571254, -2.9193217718415987, -2.5925869869094065, 5.180855987390753];activationFunc=ReLu}
layer2: Layer{weights=[[-8.908346580531092, -3.5225316818570906, 8.51068904274069, 4.380801683102089, -0.29826610521628005, -6.885888034601253, 2.241666148893046, 5.532682678097689, -0.46424775640727134, -4.288211280465606, -5.506205580565677, 8.116466350401112, 0.36119923031141354, 5.183362831783057, -7.78801814804204, 5.581628542486845]];biases=[2.0452350141931426];activationFunc=Sigmoid}
]
}
NeuralNetwork{
Number_of_neurons: [5,16,16,1]
layers:
[layer0: Layer{weights=[[3.6991773989689705, -4.770259358668254, -8.194831841876045, -4.917952290314274, 3.8002568802855166],[3.752654149947091, -4.6687833641566705, -4.233216427012236, -2.978505123984778, 5.792051771054181],[-0.018190833443350485, -9.07526027447162, 3.7444449248960012, 6.062733745634265, -6.3514621693208255],[5.1956931314861095, 1.1296866366542666, -5.017304388711528, 8.828272465216312, -7.7940777873257545],[-0.8594064029040744, -8.207780135146223, -6.117345698243167, -9.72772653492621, -6.919890084397262],[9.275018234077315, -1.7898733386567596, 9.186142802751014, 6.07798967944429, 6.214548335470791],[6.68344832041732, 2.2771808255454378, 5.501558542380511, 1.7534743139259117, -8.45533954747998],[-4.132433636823, 3.2475364498025243, 2.986492314437415, 8.374703872806336, -9.885194006607922],[7.9041770701821115, -0.5640819203656822, -8.622402593912426, 7.4401724784888685, 8.327241957775676],[-4.973370746054481, -2.3065708125911444, -8.83090429364012, -6.365616224657651, 5.136492827246633],[9.87735324734389, 4.379238316627031, 1.27381630281352, 0.8171935559757415, 0.20876298666468784],[8.144016538045491, -3.737651044180444, -0.90887471163893, -9.192152880478172, -3.324386486319659],[-3.7821516475965637, -1.4626032534246942, 1.0196896456674782, 3.479485468386784, 9.726590883369479],[5.017911189137468, -6.0422960281404725, -1.3614274655060594, 9.60039429912516, -3.944953795851185],[-9.396575921394382, 4.6953829978501, 9.168288937875253, -5.6509608868044525, 2.778661628825631],[-6.58954322631057, -5.02765375375108, -5.574252303564034, 3.5789456080882225, -7.914189475682079]];biases=[5.0533104185720195, -4.963246125867597, 6.899781582793086, -2.6703456692676024, -2.44662603810516, -3.7767378157374214, -1.4851579080926154, -1.153580434426523, -7.468096193596267, -4.215454137850623, 9.509995463956848, -2.5554933010067966, 3.483410443035188, 2.512164674459928, -4.255009697489179, 2.99541888062517];activationFunc=ReLu}
layer1: Layer{weights=[[-6.365268444914303, 6.296132972454853, -8.573049289377945, -0.0672625928742221, 5.110786196046689, -7.449920758528046, -1.3824336835006257, 2.2308436000876757, 3.749059875257867, 5.898169787996981, -8.068109169660922, -7.430247055951433, 5.935005051620257, 1.9469334493360009, -4.74998557226421, -1.1467469498977358],[7.80799006981303, 8.520983032951499, -6.785880357178613, -8.946367026947213, -9.072892259192544, -3.315169738904835, 6.161608955828612, 6.09439095171934, -0.31628086006369216, 5.048469287710182, -1.8497832752464802, 1.0917155760752717, -5.558781482897186, 1.5670164634821901, 9.251854203949755, 8.88293369939423],[-5.059278140084382, -1.191821297369163, -4.216545715256588, 9.485097197611566, -7.369796287497509, 3.2429218832087603, 7.767229921409687, 8.117722157893088, 0.5565231172729757, -3.983246302954928, -6.413192605821747, -6.0399721902181085, -9.26231996305515, 7.133632769745134, -8.518388165614327, -3.048989107451896],[9.270069169229888, -2.397353719104367, -7.061021474068763, 6.02024153720884, -5.359496064065537, 3.821884526610848, -1.9950384720486642, -1.728574658725229, -6.710589942214769, 1.595566533562378, -5.332591338202084, 1.8517709783391485, 6.323125322432048, 9.943175309684122, -8.799972197882726, 5.513050283190497],[8.469229722586462, -5.330024694890955, 8.21277016523301, 2.5580950449556816, 7.2557227256396715, 2.6913620811559564, 5.784077335751814, -6.715814224681427, 2.4511499177601443, -2.2834083487224044, 3.7077934044085303, 4.852147284557862, 8.824190371086878, 2.016308210209923, -8.733086226165742, 1.151708291510328],[9.08016233401051, -5.426234243929315, 2.8191915237720835, 4.233856178236941, 3.633771427405023, -9.885179018236059, 9.999874046982232, -0.24023563992387054, -6.261444973961192, 3.395044236258107, 4.3434929088786145, -9.97414829771639, -7.954192813091425, 8.668997539135756, 0.38572505818229175, -1.84644219094859],[-2.7673404330626354, -4.014822410313112, 5.9324578244709425, -2.53638546510828, -2.92143757327808, -7.854848471569181, 8.096755661141437, 7.245095808972749, 7.928027471420879, -7.274944767676434, -1.4870047674370177, -1.281070512332132, -6.719105937537819, -7.247632793645311, 0.8784378937885187, -8.41476555024599],[-6.261179152866083, -8.219553498840945, -5.293045900518716, 6.765976586251707, 0.1574859826889643, -4.604506163223821, -2.6171321679922492, 3.9810908074490996, 2.9431002669182362, 4.581586787325879, -8.438450491145579, -6.778394746082554, 0.0075925807412708934, 2.8487010062792617, -0.1417879174660115, -4.010339788237529],[4.059655574641832, 4.1132573094268245, -2.7893288963337737, 4.2535287870943055, -2.4674582350090457, -0.8436346753516659, -0.1381409737460011, -3.6607533429332895, 3.7636695934297375, 0.4650101991132338, 0.179682872918832, 5.4609707302533455, -7.736043585300438, 4.716927602882095, -0.4236484493607584, 4.057974012110908],[4.251528182669308, -2.828020227334143, 5.796504373464428, 4.158650596938898, -3.7393599576863483, -9.922578538346333, 0.26108579653161357, 0.8117284017783692, 1.6199071642108152, -7.686245544730879, -5.097031096031042, -3.2672262114301613, -8.782135189581549, -4.789894524663582, 2.0968473847166162, 3.431459812757666],[-1.0759899966134832, 0.8693279233748434, 3.992722755792414, 1.4347973638471583, -8.506273714408128, 9.199477231373436, -0.29457454469752165, -0.6131397078061802, -5.923430030678967, -9.440497873031124, -7.593139216096305, 1.7910682166764875, -9.546460070329378, 5.708481737172688, -1.145892884893998, -1.4018673378224573],[-3.8717708066257934, 0.3342104042413041, -8.676928765046227, 6.416565751866074, -5.334384818610194, -2.515271217131847, 5.404435086633892, -5.443404766402997, 4.523090833685659, -0.40948702785722446, 1.263973907844612, 2.273166311591739, 4.072257364753488, -7.86062491904606, -9.210180113944995, -1.2577510471695241],[-5.221406488603222, 8.365802888838424, 2.0210559820984297, -0.4345023757672415, 3.0356430693830703, -1.828469221294215, -1.5585275286721973, 9.333489870760353, 4.457464074868556, -8.467828593090589, 2.7313224378241685, -0.2737622811964684, 6.607716880589315, 6.6983076313695875, 6.331164664475452, 5.59730014200802],[-5.381186656163908, -6.247360445000423, -1.9017730101653196, -4.522569790909905, -1.3886135623562819, 2.941084190439039, -8.465153023930165, -8.250912869510643, -0.16290701155525866, 6.774737450534214, 1.5065790984683716, -6.702893306402653, -0.10194752648073901, 4.29394325117056, -6.862482234807041, 5.883752950033234],[8.72582614042274, -7.043150161887322, 3.8795139195789297, 4.308809151594559, 7.897214919977749, 8.497895051583903, -8.656438521454303, 2.963476911174922, 0.34842799433532434, 6.380014398708745, -9.391492784655702, 7.323788503089233, -4.395719681649572, -4.772418534299369, 7.838197103982473, -8.396928873684928],[9.774068641953061, -8.871451723905457, -7.082302296888838, 0.997631022827683, 0.3654307212650103, -0.618252602385267, 2.1397138123457573, -5.3072358532153725, -1.7519516283108452, 0.8032924762225306, -0.10287209004542675, 6.467561207319456, -6.585086582797026, -4.428052127248561, 0.20441885999299636, 1.7121120727872672]];biases=[2.9216241663678684, -0.32193108565961737, 0.03413916019177421, -0.12775876150995025, 9.905468184177842, 0.7043719567224933, 0.7339887873192641, 0.6341682780808693, -2.006395444069719, -7.721983443014562, 9.942034534391219, 9.464899560924938, -8.199173401061024, -2.9193217718415987, -2.5925869869094065, 5.180855987390753];activationFunc=ReLu}
layer2: Layer{weights=[[4.4941763701650075, -3.5225316818570906, 8.51068904274069, 4.380801683102089, -0.29826610521628005, -6.885888034601253, 2.241666148893046, 5.532682678097689, -0.46424775640727134, -4.288211280465606, -5.506205580565677, 8.116466350401112, 0.36119923031141354, 5.183362831783057, -7.78801814804204, 5.581628542486845]];biases=[2.0452350141931426];activationFunc=Sigmoid}
]
}
NeuralNetwork{
Number_of_neurons: [5,16,16,1]
layers:
[layer0: Layer{weights=[[3.6991773989689705, -4.770259358668254, -8.194831841876045, -4.917952290314274, 3.8002568802855166],[3.752654149947091, -4.6687833641566705, -4.233216427012236, -2.978505123984778, 5.792051771054181],[-0.018190833443350485, -9.07526027447162, 3.7444449248960012, 6.062733745634265, -6.3514621693208255],[5.1956931314861095, 1.1296866366542666, 3.6296709337970245, 8.828272465216312, -6.530458506446162],[-0.8594064029040744, -8.207780135146223, -4.217669438103946, -9.72772653492621, -6.919890084397262],[9.275018234077315, -1.7898733386567596, 8.528469086356985, 6.07798967944429, 6.214548335470791],[6.68344832041732, 2.2771808255454378, 5.501558542380511, 1.7534743139259117, -8.45533954747998],[-4.132433636823, 3.2475364498025243, 2.986492314437415, 8.374703872806336, -9.885194006607922],[7.9041770701821115, -0.5640819203656822, -9.819580928039509, 7.4401724784888685, 8.327241957775676],[-4.973370746054481, -2.3065708125911444, -8.83090429364012, -6.365616224657651, 2.137839529203731],[5.939771234777439, 4.379238316627031, 1.27381630281352, 0.8171935559757415, 0.20876298666468784],[8.144016538045491, -9.088455490218525, -0.90887471163893, -9.192152880478172, -3.324386486319659],[-7.684989534914095, -6.964351342985822, -0.14056322482549888, 3.479485468386784, 9.726590883369479],[5.017911189137468, 3.720278978103842, -1.3614274655060594, 9.60039429912516, -3.944953795851185],[-9.396575921394382, 4.6953829978501, 9.168288937875253, -5.6509608868044525, 2.778661628825631],[-6.58954322631057, -5.02765375375108, -5.574252303564034, 4.217212233312118, -7.914189475682079]];biases=[5.0533104185720195, 4.492551644106744, 9.53808054453701, -2.6703456692676024, -2.44662603810516, -3.9090017822213596, 4.889528420381064, -1.9994670417366027, -7.468096193596267, -4.215454137850623, 5.04478555821324, -2.5554933010067966, 3.483410443035188, 0.3209438316039641, 9.739610852096465, -3.347652542662791];activationFunc=ReLu}
layer1: Layer{weights=[[-6.365268444914303, 6.296132972454853, -8.573049289377945, -0.0672625928742221, 5.110786196046689, -7.449920758528046, -1.3824336835006257, 8.635988414930157, 3.749059875257867, 5.898169787996981, -8.068109169660922, -7.430247055951433, 8.174613453111615, 1.9469334493360009, -4.74998557226421, -1.1467469498977358],[7.80799006981303, 8.520983032951499, -6.785880357178613, -0.7892895471682149, -9.072892259192544, -1.2610345689307607, 6.161608955828612, 6.09439095171934, -0.31628086006369216, 5.048469287710182, 2.339766747956757, 1.0917155760752717, -5.558781482897186, -6.6830794441532575, 9.251854203949755, 0.9271857616332078],[-5.059278140084382, -1.191821297369163, -4.216545715256588, 9.485097197611566, -7.369796287497509, 3.2429218832087603, 7.767229921409687, 8.117722157893088, 0.5565231172729757, -3.983246302954928, -6.413192605821747, -6.0399721902181085, -9.26231996305515, 7.133632769745134, -8.518388165614327, -3.048989107451896],[9.270069169229888, -2.397353719104367, -7.061021474068763, 6.02024153720884, -5.359496064065537, 3.821884526610848, -1.9950384720486642, 0.4207873874327266, -6.710589942214769, -0.54346626595642, -5.332591338202084, 0.3601288730673282, 6.323125322432048, 9.943175309684122, -8.799972197882726, 5.513050283190497],[5.471137097398524, -5.330024694890955, 8.21277016523301, 2.5580950449556816, 7.2557227256396715, 2.6913620811559564, 5.784077335751814, -6.715814224681427, 2.4511499177601443, -2.2834083487224044, 3.7077934044085303, 1.5945952775544558, 8.824190371086878, 2.016308210209923, -8.733086226165742, 1.151708291510328],[9.08016233401051, -5.426234243929315, -4.551423830233388, 4.233856178236941, 3.633771427405023, -9.885179018236059, 9.999874046982232, 3.310090950464291, -6.261444973961192, 2.0954701912011604, 4.3434929088786145, -9.97414829771639, -7.954192813091425, 8.668997539135756, 0.38572505818229175, -3.416235294116971],[0.028541888326680365, -5.056743615974259, 5.9324578244709425, -0.5793919224323041, -2.92143757327808, -7.854848471569181, 8.096755661141437, 9.622512446453193, 7.928027471420879, -7.274944767676434, -1.4870047674370177, -1.281070512332132, -6.719105937537819, -7.247632793645311, -5.214919049234079, -8.41476555024599],[-1.7982115846153963, -8.219553498840945, -5.293045900518716, 6.900342403433694, 0.1574859826889643, -0.032168466243998495, -2.6171321679922492, 3.9810908074490996, 1.4771107581948542, 4.581586787325879, -9.958104819794592, -4.364606751806754, 0.0075925807412708934, 2.8487010062792617, -0.1417879174660115, -4.010339788237529],[4.059655574641832, 8.24964266202156, -2.7893288963337737, 5.385378704212503, -2.4674582350090457, -0.8436346753516659, -0.1381409737460011, -3.6607533429332895, 3.7636695934297375, 0.4650101991132338, 0.179682872918832, -0.007873400558413124, -7.736043585300438, 4.716927602882095, -0.4236484493607584, 1.7161452484269546],[4.251528182669308, -2.828020227334143, 9.5017238390691, 4.158650596938898, -3.7393599576863483, 6.855964011197518, 0.26108579653161357, 0.8117284017783692, 1.6199071642108152, -7.686245544730879, -5.097031096031042, -3.2672262114301613, -2.2507259502833055, -4.789894524663582, 2.0968473847166162, 3.431459812757666],[-1.0759899966134832, 0.8693279233748434, 3.992722755792414, 1.4347973638471583, -8.506273714408128, 9.199477231373436, -0.29457454469752165, -0.6131397078061802, 1.7665005591858822, -9.440497873031124, -5.432883844714436, 6.46674329227816, -9.546460070329378, 5.708481737172688, -1.145892884893998, -1.4018673378224573],[-3.8717708066257934, 0.8190933638318967, -8.676928765046227, 6.416565751866074, -5.334384818610194, -2.515271217131847, 0.5194660186279414, -5.443404766402997, -6.366507627228635, -0.40948702785722446, 1.263973907844612, 2.273166311591739, -5.188612338128891, -7.86062491904606, -9.210180113944995, -1.2577510471695241],[-5.221406488603222, 8.365802888838424, 2.0210559820984297, -0.4345023757672415, -9.469563807045695, -1.828469221294215, -1.5585275286721973, 9.333489870760353, 4.457464074868556, -8.467828593090589, 2.7313224378241685, -0.2737622811964684, 6.607716880589315, 6.6983076313695875, 6.331164664475452, 5.59730014200802],[-5.381186656163908, -6.247360445000423, -1.9017730101653196, -4.522569790909905, -1.3886135623562819, 2.941084190439039, -8.465153023930165, -8.250912869510643, -0.16290701155525866, 6.774737450534214, 1.5065790984683716, -6.702893306402653, -6.172114632733106, 4.29394325117056, -6.0762153023083805, 5.883752950033234],[8.72582614042274, -7.043150161887322, 3.8795139195789297, 4.308809151594559, 7.897214919977749, 8.497895051583903, -8.656438521454303, 2.963476911174922, 0.34842799433532434, 6.380014398708745, -9.391492784655702, 7.323788503089233, -4.395719681649572, -4.772418534299369, 7.838197103982473, -8.396928873684928],[4.375414822201609, -8.871451723905457, -9.157227963873098, 0.997631022827683, 0.3654307212650103, -0.618252602385267, 2.1397138123457573, -5.3072358532153725, -1.7519516283108452, 0.8032924762225306, -0.10287209004542675, 6.467561207319456, -7.564968262026559, -4.428052127248561, 0.20441885999299636, 1.7121120727872672]];biases=[1.9297073635130282, -0.32193108565961737, 0.03413916019177421, -0.12775876150995025, 9.905468184177842, 0.7043719567224933, 0.7339887873192641, 0.6341682780808693, -2.006395444069719, -7.721983443014562, 9.942034534391219, -1.842067342042089, -8.199173401061024, -2.9193217718415987, -2.5925869869094065, 5.180855987390753];activationFunc=ReLu}
layer2: Layer{weights=[[4.4941763701650075, -3.5225316818570906, 8.51068904274069, 4.380801683102089, -0.29826610521628005, -4.328856352930705, 2.241666148893046, 5.532682678097689, -0.46424775640727134, -4.288211280465606, -1.849047395463451, 8.116466350401112, 0.36119923031141354, 5.183362831783057, -7.78801814804204, 5.581628542486845]];biases=[2.0452350141931426];activationFunc=Sigmoid}
]
}